      Time    Hgtkm GeocenLat  Lon(East)   DensMean   PresMean    Tmean   EWmean   NSmean   DensPert   PresPert    Tpert   EWpert  NSpert SDden% SDprs% SDtemK SDuwnd SDvwnd SDwwnd Wpert SpdAvg  SpdStd SOSmean SOSpert Sev
      0.00  200.000  40.00000 -105.27000 4.2191e-010 1.8993e-004 1240.60   97.89  -16.22 4.3268e-010 1.7805e-004 1134.03  156.98   12.45   6.10   7.20 100.49  87.00  87.00  12.01  -4.96 137.86  77.33  793.88  759.02   0
      0.00  199.500  40.00000 -105.27000 4.2750e-010 1.9189e-004 1237.93   97.16  -16.10 4.3440e-010 1.7960e-004 1140.25  156.10   26.72   6.09   7.20 100.27  87.00  87.00  12.01  -5.75 137.33  77.33  792.72  760.80   0
      0.00  199.000  40.00000 -105.27000 4.3319e-010 1.9387e-004 1235.24   96.44  -15.99 4.3187e-010 1.8272e-004 1167.76  153.51   25.49   6.09   7.20 100.05  87.00  87.00  12.01   1.35 136.80  77.33  791.56  769.63   0
      0.00  198.500  40.00000 -105.27000 4.3898e-010 1.9588e-004 1232.53   95.72  -15.87 4.3481e-010 1.8501e-004 1175.28  159.93   16.12   6.08   7.19  99.84  87.00  87.00  12.01   3.20 136.28  77.33  790.39  771.81   0
      0.00  198.000  40.00000 -105.27000 4.4487e-010 1.9792e-004 1229.80   95.00  -15.75 4.3806e-010 1.8781e-004 1185.11  161.59   48.08   6.07   7.19  99.61  87.00  87.00  12.01   4.79 135.76  77.33  789.21  774.73   0
      0.00  197.500  40.00000 -105.27000 4.5087e-010 1.9998e-004 1227.04   94.28  -15.63 4.4714e-010 1.8981e-004 1174.36  147.08   60.67   6.06   7.19  99.39  87.00  87.00  12.01   5.51 135.24  77.33  788.02  770.92   0
      0.00  197.000  40.00000 -105.27000 4.5697e-010 2.0208e-004 1224.26   93.56  -15.51 4.4896e-010 1.9485e-004 1201.54  158.65   68.05   6.06   7.19  99.17  87.00  87.00  12.01   6.45 134.73  77.33  786.82  779.49   0
      0.00  196.500  40.00000 -105.27000 4.6319e-010 2.0420e-004 1221.46   92.84  -15.39 4.4604e-010 1.9808e-004 1230.40  148.25   40.96   6.05   7.18  98.94  87.00  87.00  12.01   7.27 134.22  77.33  785.62  788.49   0
      0.00  196.000  40.00000 -105.27000 4.6951e-010 2.0635e-004 1218.63   92.12  -15.27 4.4106e-010 2.0164e-004 1267.63  173.05   43.33   6.04   7.18  98.71  87.00  87.00  12.01   6.26 133.71  77.33  784.41  800.02   0
      0.00  195.500  40.00000 -105.27000 4.7595e-010 2.0853e-004 1215.78   91.41  -15.16 4.6370e-010 1.9930e-004 1192.68  153.22   29.38   6.03   7.18  98.48  87.00  87.00  12.01   6.48 133.20  77.33  783.19  775.71   0
      0.00  195.000  40.00000 -105.27000 4.8251e-010 2.1074e-004 1212.90   90.69  -15.04 4.6440e-010 2.0248e-004 1210.84  164.73    9.09   6.03   7.18  98.25  87.00  87.00  12.00   4.08 132.70  77.33  781.96  781.29   0
      0.00  194.500  40.00000 -105.27000 4.8919e-010 2.1298e-004 1210.01   89.98  -14.92 4.5994e-010 2.0819e-004 1257.98  140.57   28.00   6.02   7.17  98.01  87.00  87.00  12.00   8.46 132.20  77.33  780.72  796.05   0
      0.00  194.000  40.00000 -105.27000 4.9599e-010 2.1525e-004 1207.08   89.27  -14.80 4.5928e-010 2.1190e-004 1283.26  153.26   52.15   6.01   7.17  97.77  87.00  87.00  12.00   3.96 131.71  77.33  779.47  803.70   0
      0.00  193.500  40.00000 -105.27000 5.0292e-010 2.1756e-004 1204.14   88.56  -14.68 4.6996e-010 2.1412e-004 1268.25  156.11   24.28   6.00   7.17  97.53  87.00  87.00  12.00   6.27 131.21  77.33  778.22  798.67   0
      0.00  193.000  40.00000 -105.27000 5.0997e-010 2.1989e-004 1201.16   87.85  -14.56 4.6949e-010 2.1575e-004 1280.14  148.96   21.20   6.00   7.17  97.29  87.00  87.00  12.00   3.26 130.72  77.33  776.96  802.09   0
      0.00  192.500  40.00000 -105.27000 5.1716e-010 2.2226e-004 1198.17   87.14  -14.45 4.6885e-010 2.1751e-004 1293.33  129.66   72.96   5.99   7.16  97.05  87.00  87.00  12.00   4.42 130.24  77.33  775.69  805.90   0
      0.00  192.000  40.00000 -105.27000 5.2448e-010 2.2467e-004 1195.14   86.44  -14.33 4.8796e-010 2.1842e-004 1248.89  129.68   71.32   5.98   7.16  96.81  87.00  87.00  12.00   5.28 129.75  77.33  774.41  791.63   0
      0.00  191.500  40.00000 -105.27000 5.3195e-010 2.2711e-004 1192.10   85.74  -14.21 4.8629e-010 2.2207e-004 1275.08  135.93   57.72   5.97   7.16  96.56  87.00  87.00  12.00   5.06 129.27  77.33  773.12  799.57   0
      0.00  191.000  40.00000 -105.27000 5.3955e-010 2.2958e-004 1189.02   85.03  -14.09 4.9683e-010 2.2130e-004 1244.66  140.68   20.96   5.97   7.16  96.31  87.00  87.00  12.00   4.92 128.79  77.33  771.82  789.67   0
      0.00  190.500  40.00000 -105.27000 5.4730e-010 2.3209e-004 1185.93   84.33  -13.97 4.9648e-010 2.2452e-004 1264.66  138.17   12.65   5.96   7.15  96.06  87.00  87.00  12.00   5.47 128.32  77.33  770.51  795.68   0
      0.00  190.000  40.00000 -105.27000 5.5521e-010 2.3464e-004 1182.80   83.63  -13.86 4.9491e-010 2.2985e-004 1299.84  124.81   47.56   5.95   7.15  95.81  87.00  87.00  12.00   1.18 127.85  77.33  769.20  806.35   0
      0.00  189.500  40.00000 -105.27000 5.6326e-010 2.3722e-004 1179.65   82.94  -13.74 5.1647e-010 2.3278e-004 1262.42  117.60   45.84   5.94   7.15  95.55  87.00  87.00  12.00  -4.98 127.38  77.33  767.87  794.35   0
      0.00  189.000  40.00000 -105.27000 5.7147e-010 2.3984e-004 1176.47   82.24  -13.62 5.2323e-010 2.3469e-004 1257.30  128.47   32.36   5.94   7.15  95.29  87.00  87.00  12.00  -4.45 126.91  77.33  766.54  792.43   0
      0.00  188.500  40.00000 -105.27000 5.7984e-010 2.4250e-004 1173.27   81.54  -13.50 5.3386e-010 2.3678e-004 1244.24  120.28   42.92   5.93   7.14  95.03  87.00  87.00  12.00  -2.92 126.45  77.33  765.19  787.99   0
      0.00  188.000  40.00000 -105.27000 5.8838e-010 2.4520e-004 1170.04   80.85  -13.39 5.4528e-010 2.3683e-004 1219.39   93.17   36.21   5.92   7.14  94.77  87.00  87.00  12.00  -3.17 126.00  77.33  763.84  779.78   0
      0.00  187.500  40.00000 -105.27000 5.9708e-010 2.4795e-004 1166.78   80.16  -13.27 5.5213e-010 2.4086e-004 1225.74   81.10   51.96   5.91   7.14  94.51  87.00  87.00  12.00  -5.15 125.54  77.33  762.47  781.50   0
      0.00  187.000  40.00000 -105.27000 6.0596e-010 2.5073e-004 1163.50   79.47  -13.15 5.4863e-010 2.4324e-004 1246.70   53.20   33.79   5.91   7.14  94.24  87.00  87.00  12.00  -3.62 125.09  77.33  761.10  787.84   0
      0.00  186.500  40.00000 -105.27000 6.1502e-010 2.5355e-004 1160.18   78.78  -13.04 5.5614e-010 2.4701e-004 1249.94   71.08   33.72   5.90   7.13  93.97  87.00  87.00  12.00   2.22 124.64  77.33  759.71  788.56   0
      0.00  186.000  40.00000 -105.27000 6.2426e-010 2.5642e-004 1156.84   78.10  -12.92 5.7530e-010 2.5002e-004 1223.97   86.76  -21.71   5.89   7.13  93.70  87.00  87.00  12.00  -3.83 124.20  77.33  758.32  780.01   0
      0.00  185.500  40.00000 -105.27000 6.3369e-010 2.5933e-004 1153.47   77.41  -12.81 5.8107e-010 2.5360e-004 1230.18   91.86  -29.97   5.88   7.13  93.43  87.00  87.00  12.00  -6.61 123.75  77.33  756.92  781.68   0
      0.00  185.000  40.00000 -105.27000 6.4331e-010 2.6228e-004 1150.07   76.73  -12.69 5.9457e-010 2.5626e-004 1215.82   92.77  -54.13   5.88   7.13  93.16  87.00  87.00  12.00  -9.93 123.32  77.33  755.50  776.80   0
      0.00  184.500  40.00000 -105.27000 6.5313e-010 2.6528e-004 1146.65   76.05  -12.57 6.1250e-010 2.5890e-004 1193.30   55.17  -64.97   5.87   7.12  92.88  87.00  87.00  11.99 -11.89 122.88  77.33  754.08  769.26   0
      0.00  184.000  40.00000 -105.27000 6.6315e-010 2.6832e-004 1143.19   75.37  -12.46 6.3637e-010 2.5867e-004 1148.44   28.72  -57.35   5.86   7.12  92.60  87.00  87.00  11.99  -7.17 122.45  77.33  752.64  754.37   0
      0.00  183.500  40.00000 -105.27000 6.7339e-010 2.7142e-004 1139.71   74.69  -12.34 6.6458e-010 2.6150e-004 1112.63   14.49  -42.81   5.85   7.12  92.32  87.00  87.00  11.99  -7.82 122.02  77.33  751.19  742.21   0
      0.00  183.000  40.00000 -105.27000 6.8383e-010 2.7456e-004 1136.19   74.02  -12.23 6.6788e-010 2.6591e-004 1126.68   -4.14  -23.67   5.85   7.12  92.03  87.00  87.00  11.99  -4.58 121.60  77.33  749.74  746.59   0
      0.00  182.500  40.00000 -105.27000 6.9450e-010 2.7775e-004 1132.65   73.34  -12.11 6.9011e-010 2.6761e-004 1098.22   -6.66  -14.36   5.84   7.11  91.74  87.00  87.00  11.99  -2.19 121.18  77.33  748.27  736.81   0
      0.00  182.000  40.00000 -105.27000 7.0539e-010 2.8099e-004 1129.08   72.67  -12.00 6.8574e-010 2.7504e-004 1136.82   -2.41  -35.06   5.83   7.11  91.46  87.00  87.00  11.99  -4.41 120.76  77.33  746.79  749.35   0
      0.00  181.500  40.00000 -105.27000 7.1651e-010 2.8428e-004 1125.47   72.00  -11.88 7.0140e-010 2.7755e-004 1122.49    9.49  -48.59   5.82   7.11  91.16  87.00  87.00  11.99  -2.57 120.35  77.33  745.30  744.31   0
      0.00  181.000  40.00000 -105.27000 7.2787e-010 2.8763e-004 1121.84   71.33  -11.77 7.1407e-010 2.7636e-004 1098.72    5.42  -59.35   5.82   7.11  90.87  87.00  87.00  11.99  -5.93 119.94  77.33  743.79  736.09   0
      0.00  180.500  40.00000 -105.27000 7.3948e-010 2.9103e-004 1118.17   70.67  -11.65 7.0693e-010 2.8222e-004 1134.27  -23.09  -52.79   5.81   7.10  90.57  87.00  87.00  11.99  -2.10 119.53  77.33  742.28  747.61   0
      0.00  180.000  40.00000 -105.27000 7.5134e-010 2.9448e-004 1114.47   70.00  -11.54 7.0359e-010 2.8570e-004 1154.62  -16.64  -44.03   5.80   7.10  90.27  87.00  87.00  11.99  -4.72 119.13  77.33  740.75  753.98   0
      0.00  179.500  40.00000 -105.27000 7.6347e-010 2.9799e-004 1110.75   69.34  -11.43 7.2812e-010 2.8653e-004 1119.87    0.15  -42.11   5.82   7.15  90.73  87.00  87.00  11.95   0.02 118.73  77.33  739.22  742.25   0
      0.00  179.000  40.00000 -105.27000 7.7586e-010 3.0156e-004 1106.99   68.68  -11.31 7.6001e-010 2.8253e-004 1058.75   18.01  -51.98   5.84   7.21  91.18  87.00  87.00  11.90   5.80 118.34  77.33  737.67  721.42   0
      0.00  178.500  40.00000 -105.27000 7.8852e-010 3.0519e-004 1103.19   68.02  -11.20 7.9231e-010 2.8110e-004 1011.26    7.44  -65.84   5.86   7.26  91.61  87.00  87.00  11.86   0.88 117.95  77.33  736.11  704.77   0
      0.00  178.000  40.00000 -105.27000 8.0147e-010 3.0887e-004 1099.37   67.37  -11.09 7.9650e-010 2.8618e-004 1024.94    8.94  -38.41   5.87   7.31  92.03  87.00  87.00  11.81  -5.01 117.56  77.33  734.53  709.23   0
      0.00  177.500  40.00000 -105.27000 8.1471e-010 3.1262e-004 1095.51   66.71  -10.97 8.2076e-010 2.8387e-004  987.44   -5.14  -26.19   5.89   7.36  92.43  87.00  87.00  11.77  -4.13 117.17  77.33  732.95  695.86   0
      0.00  177.000  40.00000 -105.27000 8.2824e-010 3.1643e-004 1091.62   66.06  -10.86 8.5097e-010 2.8448e-004  955.20    9.24  -42.74   5.91   7.42  92.82  87.00  87.00  11.72  -5.42 116.79  77.33  731.35  684.12   0
      0.00  176.500  40.00000 -105.27000 8.4209e-010 3.2030e-004 1087.70   65.41  -10.75 8.6405e-010 2.8826e-004  954.00  -20.45  -44.81   5.93   7.47  93.20  87.00  87.00  11.68  -3.26 116.42  77.33  729.74  683.42   0
      0.00  176.000  40.00000 -105.27000 8.5626e-010 3.2424e-004 1083.74   64.76  -10.64 8.8462e-010 2.9012e-004  938.61   -2.74  -49.89   5.95   7.52  93.57  87.00  87.00  11.63  -2.62 116.04  77.33  728.11  677.61   0
      0.00  175.500  40.00000 -105.27000 8.7075e-010 3.2825e-004 1079.75   64.12  -10.53 9.1291e-010 2.9048e-004  911.39    0.22  -60.49   5.96   7.57  93.92  87.00  87.00  11.59  -4.48 115.67  77.33  726.47  667.44   0
      0.00  175.000  40.00000 -105.27000 8.8558e-010 3.3233e-004 1075.73   63.47  -10.42 9.3671e-010 2.9453e-004  901.33  -17.82  -47.83   5.98   7.62  94.25  87.00  87.00  11.54   0.73 115.31  77.33  724.82  663.47   0
      0.00  174.500  40.00000 -105.27000 9.0076e-010 3.3647e-004 1071.67   62.83  -10.31 9.4709e-010 3.0165e-004  913.77    8.81  -15.49   6.00   7.67  94.58  87.00  87.00  11.49   1.12 114.94  77.33  723.16  667.76   0
      0.00  174.000  40.00000 -105.27000 9.1630e-010 3.4069e-004 1067.57   62.19  -10.19 9.6532e-010 3.0603e-004  910.26  -10.44  -15.20   6.02   7.72  94.89  87.00  87.00  11.45   3.34 114.59  77.33  721.48  666.21   0
      0.00  173.500  40.00000 -105.27000 9.3221e-010 3.4498e-004 1063.44   61.55  -10.08 9.8836e-010 3.0704e-004  892.71  -25.71  -30.39   6.04   7.77  95.19  87.00  87.00  11.40   0.50 114.23  77.33  719.79  659.48   0
      0.00  173.000  40.00000 -105.27000 9.4850e-010 3.4935e-004 1059.28   60.92   -9.97 9.8787e-010 3.1812e-004  926.15   -0.89  -16.84   6.05   7.82  95.47  87.00  87.00  11.36   0.48 113.88  77.33  718.08  671.44   0
      0.00  172.500  40.00000 -105.27000 9.6518e-010 3.5379e-004 1055.08   60.28   -9.87 9.9581e-010 3.2547e-004  940.78   -4.90  -15.81   6.07   7.87  95.74  87.00  87.00  11.32   3.79 113.53  77.33  716.36  676.45   0
      0.00  172.000  40.00000 -105.27000 9.8227e-010 3.5831e-004 1050.84   59.65   -9.76 1.0001e-009 3.3576e-004  967.16   -6.21  -17.34   6.09   7.91  96.00  87.00  87.00  11.27   4.79 113.19  77.33  714.63  685.58   0
      0.00  171.500  40.00000 -105.27000 9.9978e-010 3.6292e-004 1046.57   59.02   -9.65 1.0107e-009 3.4322e-004  979.04   -6.43   12.55   6.11   7.96  96.25  87.00  87.00  11.23   9.62 112.85  77.33  712.88  689.50   0
      0.00  171.000  40.00000 -105.27000 1.0177e-009 3.6760e-004 1042.26   58.40   -9.54 1.0458e-009 3.4740e-004  958.56  -31.25   46.88   6.12   8.01  96.48  87.00  87.00  11.18  13.16 112.52  77.33  711.11  681.96   0
      0.00  170.500  40.00000 -105.27000 1.0361e-009 3.7238e-004 1037.91   57.77   -9.43 1.0849e-009 3.4876e-004  928.41  -33.60   42.31   6.14   8.06  96.71  87.00  87.00  11.14  18.15 112.18  77.33  709.34  670.88   0
      0.00  170.000  40.00000 -105.27000 1.0550e-009 3.7723e-004 1033.52   57.16   -9.32 1.1133e-009 3.5346e-004  917.68  -48.50   41.75   6.16   8.11  96.91  87.00  87.00  11.09  23.09 111.86  77.33  707.54  666.71   0
      0.00  169.500  40.00000 -105.27000 1.0743e-009 3.8218e-004 1029.10   56.54   -9.22 1.1669e-009 3.4441e-004  853.77  -25.79   20.70   6.18   8.15  97.11  87.00  87.00  11.05  17.65 111.54  77.33  705.73  642.81   0
      0.00  169.000  40.00000 -105.27000 1.0941e-009 3.8722e-004 1024.64   55.93   -9.11 1.2096e-009 3.4511e-004  826.04   10.30   48.60   6.19   8.20  97.29  87.00  87.00  11.00  19.02 111.22  77.33  703.91  632.02   0
      0.00  168.500  40.00000 -105.27000 1.1144e-009 3.9236e-004 1020.14   55.31   -9.00 1.2458e-009 3.4509e-004  802.62   36.50   66.42   6.21   8.25  97.46  87.00  87.00  10.96   9.21 110.90  77.33  702.07  622.73   0
      0.00  168.000  40.00000 -105.27000 1.1353e-009 3.9759e-004 1015.60   54.70   -8.90 1.2461e-009 3.5721e-004  831.34   22.81   45.24   6.23   8.29  97.62  87.00  87.00  10.91   9.24 110.59  77.33  700.21  633.51   0
      0.00  167.500  40.00000 -105.27000 1.1567e-009 4.0292e-004 1011.03   54.09   -8.79 1.2372e-009 3.7273e-004  874.44   50.64   56.48   6.25   8.34  97.77  87.00  87.00  10.87   7.33 110.28  77.33  698.34  649.45   0
      0.00  167.000  40.00000 -105.27000 1.1786e-009 4.0835e-004 1006.41   53.48   -8.68 1.2382e-009 3.8425e-004  901.43   93.29   69.79   6.26   8.38  97.90  87.00  87.00  10.82   9.69 109.97  77.33  696.45  659.13   0
      0.00  166.500  40.00000 -105.27000 1.2012e-009 4.1389e-004 1001.75   52.88   -8.58 1.2670e-009 3.8786e-004  889.97   99.95   29.14   6.28   8.43  98.02  87.00  87.00  10.78  13.72 109.67  77.33  694.54  654.65   0
      0.00  166.000  40.00000 -105.27000 1.2243e-009 4.1953e-004  997.06   52.28   -8.48 1.3018e-009 3.9494e-004  882.74   77.72   27.08   6.30   8.47  98.13  87.00  87.00  10.73  10.19 109.38  77.33  692.62  651.71   0
      0.00  165.500  40.00000 -105.27000 1.2481e-009 4.2528e-004  992.32   51.68   -8.37 1.3171e-009 4.0222e-004  889.35   71.09   25.76   6.32   8.52  98.22  87.00  87.00  10.69  10.89 109.08  77.33  690.68  653.87   0
      0.00  165.000  40.00000 -105.27000 1.2725e-009 4.3115e-004  987.54   51.08   -8.27 1.3443e-009 4.0930e-004  887.44   62.60   16.25   6.33   8.56  98.30  87.00  87.00  10.64   5.28 108.79  77.33  688.72  652.89   0
      0.00  164.500  40.00000 -105.27000 1.2976e-009 4.3713e-004  982.72   50.49   -8.16 1.3521e-009 4.1886e-004  903.69   14.33   -0.23   6.35   8.61  98.37  87.00  87.00  10.59   2.04 108.51  77.33  686.75  658.56   0
      0.00  164.000  40.00000 -105.27000 1.3234e-009 4.4323e-004  977.86   49.90   -8.06 1.3491e-009 4.3508e-004  941.55   -7.52  -16.84   6.37   8.65  98.43  87.00  87.00  10.55   9.40 108.23  77.33  684.76  671.92   0
      0.00  163.500  40.00000 -105.27000 1.3499e-009 4.4946e-004  972.96   49.31   -7.96 1.3716e-009 4.3666e-004  930.25  -23.23  -14.03   6.38   8.70  98.48  87.00  87.00  10.50  12.40 107.95  77.33  682.75  667.60   0
      0.00  163.000  40.00000 -105.27000 1.3771e-009 4.5581e-004  968.02   48.72   -7.86 1.3605e-009 4.5309e-004  973.96  -32.18    4.46   6.40   8.74  98.51  87.00  87.00  10.46  10.99 107.67  77.33  680.72  682.81   0
      0.00  162.500  40.00000 -105.27000 1.4051e-009 4.6229e-004  963.03   48.14   -7.75 1.3751e-009 4.6125e-004  981.83  -65.60  -20.25   6.42   8.79  98.53  87.00  87.00  10.41   5.64 107.40  77.33  678.67  685.26   0
      0.00  162.000  40.00000 -105.27000 1.4340e-009 4.6890e-004  958.00   47.55   -7.65 1.4084e-009 4.6737e-004  972.20  -57.69  -34.23   6.43   8.83  98.53  87.00  87.00  10.37   5.74 107.14  77.33  676.61  681.60   0
      0.00  161.500  40.00000 -105.27000 1.4636e-009 4.7565e-004  952.93   46.98   -7.55 1.4584e-009 4.6925e-004  943.44  -41.18  -30.50   6.45   8.87  98.53  87.00  87.00  10.32   3.02 106.88  77.33  674.52  671.15   0
      0.00  161.000  40.00000 -105.27000 1.4941e-009 4.8254e-004  947.81   46.40   -7.45 1.5148e-009 4.7148e-004  913.42  -51.51  -25.42   6.47   8.91  98.51  87.00  87.00  10.28  -2.29 106.62  77.33  672.42  660.11   0
      0.00  160.500  40.00000 -105.27000 1.5255e-009 4.8958e-004  942.66   45.83   -7.35 1.5710e-009 4.6905e-004  876.95  -39.83   -9.86   6.48   8.96  98.48  87.00  87.00  10.23   4.48 106.36  77.33  670.30  646.52   0
      0.00  160.000  40.00000 -105.27000 1.5578e-009 4.9676e-004  937.45   45.26   -7.25 1.6001e-009 4.8120e-004  884.10  -21.35   24.22   6.50   9.00  98.43  87.00  87.00  10.19   2.63 106.11  77.33  668.15  648.86   0
      0.00  159.500  40.00000 -105.27000 1.5911e-009 5.0410e-004  932.21   44.69   -7.15 1.6097e-009 4.9164e-004  898.67   18.83   19.15   6.52   9.10  99.02  86.60  86.60  10.14   4.32 105.46  76.97  665.99  653.90   0
      0.00  159.000  40.00000 -105.27000 1.6255e-009 5.1160e-004  926.92   44.12   -7.06 1.6607e-009 4.9166e-004  871.88   34.84   26.13   6.54   9.21  99.57  86.19  86.19  10.10   6.88 104.81  76.61  663.81  643.80   0
      0.00  158.500  40.00000 -105.27000 1.6608e-009 5.1926e-004  921.58   43.56   -6.96 1.6737e-009 5.0885e-004  896.17    8.88   39.85   6.56   9.31 100.10  85.78  85.78  10.05   8.65 104.16  76.24  661.61  652.42   0
      0.00  158.000  40.00000 -105.27000 1.6972e-009 5.2710e-004  916.20   43.00   -6.86 1.7061e-009 5.1563e-004  891.60    2.03   75.64   6.57   9.41 100.59  85.37  85.37  10.00   7.42 103.51  75.88  659.38  650.47   0
      0.00  157.500  40.00000 -105.27000 1.7348e-009 5.3510e-004  910.77   42.45   -6.76 1.7978e-009 5.1053e-004  838.52  -12.69   63.51   6.59   9.51 101.06  84.96  84.96   9.96   9.67 102.87  75.51  657.14  630.53   0
      0.00  157.000  40.00000 -105.27000 1.7735e-009 5.4328e-004  905.30   41.89   -6.67 1.8255e-009 5.2455e-004  849.20    0.96   53.65   6.61   9.61 101.49  84.54  84.54   9.91   9.10 102.22  75.14  654.87  634.26   0
      0.00  156.500  40.00000 -105.27000 1.8135e-009 5.5165e-004  899.79   41.34   -6.57 1.9156e-009 5.2055e-004  803.80   10.07   27.86   6.63   9.70 101.90  84.13  84.13   9.86   8.85 101.57  74.78  652.58  616.79   0
      0.00  156.000  40.00000 -105.27000 1.8547e-009 5.6021e-004  894.22   40.80   -6.48 1.9959e-009 5.0856e-004  754.37  -12.25   -8.07   6.65   9.80 102.28  83.71  83.71   9.82  12.39 100.92  74.40  650.27  597.26   0
      0.00  155.500  40.00000 -105.27000 1.8973e-009 5.6896e-004  888.61   40.25   -6.38 2.0113e-009 5.2951e-004  780.13   16.61   -3.92   6.66   9.90 102.64  83.29  83.29   9.77  14.38 100.27  74.03  647.94  607.11   0
      0.00  155.000  40.00000 -105.27000 1.9413e-009 5.7792e-004  882.96   39.71   -6.29 2.0569e-009 5.3611e-004  773.03    5.63    7.39   6.68   9.99 102.96  82.87  82.87   9.72  14.74  99.63  73.65  645.59  604.07   0
      0.00  154.500  40.00000 -105.27000 1.9866e-009 5.8709e-004  877.26   39.17   -6.19 2.1173e-009 5.4760e-004  767.75    0.39    2.34   6.70  10.08 103.26  82.44  82.44   9.68  14.96  98.98  73.28  643.21  601.73   0
      0.00  154.000  40.00000 -105.27000 2.0335e-009 5.9647e-004  871.51   38.63   -6.10 2.1336e-009 5.6754e-004  790.35    5.79    7.85   6.72  10.18 103.53  82.02  82.02   9.63  19.13  98.33  72.90  640.82  610.25   0
      0.00  153.500  40.00000 -105.27000 2.0820e-009 6.0608e-004  865.72   38.10   -6.01 2.1407e-009 5.9141e-004  821.58   31.24    2.88   6.74  10.27 103.78  81.59  81.59   9.59  19.13  97.68  72.52  638.39  621.91   0
      0.00  153.000  40.00000 -105.27000 2.1321e-009 6.1592e-004  859.88   37.57   -5.91 2.2061e-009 5.9307e-004  800.21   23.28    7.65   6.75  10.36 103.99  81.16  81.16   9.54  13.89  97.04  72.13  635.95  613.49   0
      0.00  152.500  40.00000 -105.27000 2.1839e-009 6.2600e-004  853.99   37.05   -5.82 2.3572e-009 5.7185e-004  722.77    8.34   13.30   6.77  10.45 104.19  80.72  80.72   9.49  13.36  96.39  71.75  633.48  582.78   0
      0.00  152.000  40.00000 -105.27000 2.2375e-009 6.3632e-004  848.06   36.52   -5.73 2.4505e-009 5.6272e-004  684.78   -7.40    0.87   6.79  10.54 104.35  80.29  80.29   9.45  13.98  95.74  71.36  630.99  567.00   0
      0.00  151.500  40.00000 -105.27000 2.2930e-009 6.4691e-004  842.07   36.00   -5.64 2.4438e-009 5.8878e-004  719.10  -28.53   19.37   6.81  10.63 104.49  79.85  79.85   9.40   9.77  95.09  70.97  628.47  580.77   0
      0.00  151.000  40.00000 -105.27000 2.3504e-009 6.5775e-004  836.05   35.49   -5.55 2.4823e-009 6.0771e-004  731.38  -39.51   41.52   6.82  10.72 104.61  79.41  79.41   9.35  11.50  94.44  70.58  625.93  585.44   0
      0.00  150.500  40.00000 -105.27000 2.4098e-009 6.6887e-004  829.97   34.97   -5.46 2.5241e-009 6.1482e-004  728.35  -31.29   41.34   6.84  10.80 104.70  78.96  78.96   9.31   9.71  93.79  70.18  623.37  583.96   0
      0.00  150.000  40.00000 -105.27000 2.4714e-009 6.8028e-004  823.85   34.46   -5.37 2.6371e-009 6.1346e-004  696.26  -64.55   50.72   6.86  10.89 104.76  78.52  78.52   9.26   7.60  93.15  69.79  620.78  570.68   0
      0.00  149.500  40.00000 -105.27000 2.5352e-009 6.9198e-004  817.68   33.95   -5.28 2.7283e-009 6.1196e-004  671.95  -86.39   51.28   6.88  10.98 104.80  78.07  78.07   9.21   4.06  92.50  69.39  618.16  560.37   0
      0.00  149.000  40.00000 -105.27000 2.6014e-009 7.0398e-004  811.46   33.45   -5.19 2.7838e-009 6.2897e-004  677.50  -86.26   57.25   6.89  11.06 104.82  77.62  77.62   9.17   7.09  91.85  68.99  615.52  562.42   0
      0.00  148.500  40.00000 -105.27000 2.6700e-009 7.1630e-004  805.20   32.95   -5.10 2.8016e-009 6.5805e-004  704.99 -101.91   53.33   6.91  11.15 104.81  77.16  77.16   9.12  11.00  91.19  68.59  612.85  573.45   0
      0.00  148.000  40.00000 -105.27000 2.7412e-009 7.2895e-004  798.89   32.45   -5.02 2.8543e-009 6.8136e-004  717.15 -101.72   56.17   6.93  11.23 104.77  76.71  76.71   9.07  10.23  90.54  68.18  610.16  578.11   0
      0.00  147.500  40.00000 -105.27000 2.8151e-009 7.4194e-004  792.53   31.96   -4.93 2.8763e-009 7.0706e-004  739.19 -114.41   32.34   6.95  11.32 104.71  76.25  76.25   9.03  12.16  89.89  67.77  607.44  586.64   0
      0.00  147.000  40.00000 -105.27000 2.8918e-009 7.5529e-004  786.13   31.47   -4.84 2.9312e-009 7.2643e-004  745.92  -90.18   87.13   6.96  11.40 104.63  75.79  75.79   8.98   8.46  89.24  67.36  604.70  589.03   0
      0.00  146.500  40.00000 -105.27000 2.9714e-009 7.6900e-004  779.68   30.98   -4.76 2.9383e-009 7.5540e-004  774.54  -45.97   55.09   6.98  11.48 104.52  75.32  75.32   8.93   5.80  88.59  66.95  601.93  599.94   0
      0.00  146.000  40.00000 -105.27000 3.0542e-009 7.8309e-004  773.19   30.49   -4.67 2.9913e-009 7.8777e-004  794.16  -32.79   33.25   7.00  11.56 104.39  74.86  74.86   8.89  -2.93  87.93  66.53  599.13  607.20   0
      0.00  145.500  40.00000 -105.27000 3.1402e-009 7.9758e-004  766.65   30.01   -4.59 3.0873e-009 7.9974e-004  781.92  -31.43    9.77   7.01  11.64 104.24  74.39  74.39   8.84  -1.63  87.28  66.12  596.30  602.21   0
      0.00  145.000  40.00000 -105.27000 3.2297e-009 8.1248e-004  760.06   29.53   -4.50 3.1052e-009 8.3295e-004  810.46  -38.18   13.19   7.03  11.72 104.06  73.91  73.91   8.79  -5.59  86.62  65.69  593.45  612.81   0
      0.00  144.500  40.00000 -105.27000 3.3228e-009 8.2781e-004  753.43   29.06   -4.42 3.2050e-009 8.4388e-004  796.31  -30.36    2.04   7.05  11.80 103.85  73.44  73.44   8.75  -8.35  85.96  65.27  590.57  607.15   0
      0.00  144.000  40.00000 -105.27000 3.4197e-009 8.4358e-004  746.75   28.59   -4.34 3.3957e-009 8.4475e-004  753.08  -51.73  -23.39   7.07  11.88 103.63  72.96  72.96   8.70 -10.86  85.30  64.84  587.67  590.15   0
      0.00  143.500  40.00000 -105.27000 3.5206e-009 8.5982e-004  740.03   28.12   -4.25 3.4947e-009 8.6321e-004  748.47  -54.55  -31.02   7.08  11.96 103.38  72.47  72.47   8.66 -12.48  84.64  64.42  584.73  588.06   0
      0.00  143.000  40.00000 -105.27000 3.6258e-009 8.7654e-004  733.27   27.66   -4.17 3.6996e-009 8.6227e-004  706.93  -70.52  -53.00   7.10  12.04 103.11  71.99  71.99   8.61 -10.07  83.98  63.98  581.77  571.22   0
      0.00  142.500  40.00000 -105.27000 3.7353e-009 8.9377e-004  726.46   27.19   -4.09 3.9061e-009 8.5054e-004  661.10  -90.58   -7.45   7.12  12.12 102.81  71.50  71.50   8.56  -3.33  83.32  63.55  578.78  552.13   0
      0.00  142.000  40.00000 -105.27000 3.8496e-009 9.1152e-004  719.61   26.74   -4.01 3.9912e-009 8.7475e-004  666.09  -68.09   -0.15   7.13  12.20 102.50  71.01  71.01   8.52  -3.66  82.65  63.11  575.76  553.93   0
      0.00  141.500  40.00000 -105.27000 3.9688e-009 9.2982e-004  712.72   26.28   -3.93 4.0385e-009 9.0120e-004  678.85  -64.46    3.88   7.15  12.27 102.16  70.51  70.51   8.47  -6.95  81.99  62.67  572.71  558.94   0
      0.00  141.000  40.00000 -105.27000 4.0932e-009 9.4870e-004  705.78   25.83   -3.85 4.1123e-009 9.4931e-004  702.96  -50.65   14.66   7.17  12.35 101.79  70.01  70.01   8.42  -1.78  81.32  62.23  569.63  568.49   0
      0.00  140.500  40.00000 -105.27000 4.2232e-009 9.6817e-004  698.81   25.38   -3.77 4.3359e-009 9.5495e-004  671.35  -46.11   -1.65   7.18  12.42 101.41  69.51  69.51   8.38  -1.23  80.65  61.78  566.53  555.28   0
      0.00  140.000  40.00000 -105.27000 4.3589e-009 9.8826e-004  691.79   24.94   -3.69 4.4520e-009 9.8423e-004  674.56  -34.34   -4.90   7.20  12.50 101.00  69.00  69.00   8.33  -0.95  79.98  61.33  563.39  556.33   0
      0.00  139.500  40.00000 -105.27000 4.5009e-009 1.0090e-003  684.73   24.50   -3.61 4.5895e-009 9.9212e-004  660.27  -31.31   12.91   7.22  12.68 101.32  68.65  68.47   8.29  -2.80  79.37  60.94  560.23  550.13   0
      0.00  139.000  40.00000 -105.27000 4.6493e-009 1.0304e-003  677.64   24.06   -3.53 4.7098e-009 1.0210e-003  662.83  -54.25   10.02   7.24  12.85 101.59  68.30  67.93   8.24  -1.73  78.77  60.54  557.03  550.92   0
      0.00  138.500  40.00000 -105.27000 4.8046e-009 1.0526e-003  670.50   23.63   -3.46 4.8114e-009 1.0385e-003  660.59  -51.33  -13.50   7.25  13.02 101.81  67.94  67.38   8.20  -4.45  78.17  60.14  553.81  549.70   0
      0.00  138.000  40.00000 -105.27000 4.9673e-009 1.0755e-003  663.33   23.19   -3.38 5.0899e-009 1.0548e-003  634.94  -62.62  -21.27   7.27  13.20 101.98  67.59  66.84   8.16   5.21  77.56  59.74  550.56  538.65   0
      0.00  137.500  40.00000 -105.27000 5.1377e-009 1.0991e-003  656.13   22.77   -3.30 5.1104e-009 1.1002e-003  660.29  -62.64  -15.90   7.29  13.36 102.10  67.23  66.29   8.12   6.07  76.95  59.34  547.28  549.01   0
      0.00  137.000  40.00000 -105.27000 5.3163e-009 1.1236e-003  648.88   22.34   -3.23 5.3146e-009 1.1426e-003  660.04  -61.44  -21.81   7.31  13.53 102.18  66.87  65.73   8.07   7.81  76.35  58.93  543.96  548.62   0
      0.00  136.500  40.00000 -105.27000 5.5037e-009 1.1490e-003  641.60   21.92   -3.15 5.4814e-009 1.1824e-003  662.96  -46.21  -26.03   7.33  13.69 102.21  66.51  65.17   8.03  11.96  75.74  58.52  540.62  549.55   0
      0.00  136.000  40.00000 -105.27000 5.7004e-009 1.1752e-003  634.29   21.50   -3.08 5.5728e-009 1.2457e-003  687.71  -50.98  -17.25   7.35  13.86 102.19  66.14  64.60   7.99  11.18  75.12  58.11  537.25  559.42   0
      0.00  135.500  40.00000 -105.27000 5.9069e-009 1.2025e-003  626.95   21.09   -3.00 5.8353e-009 1.2495e-003  659.47  -60.50  -15.85   7.36  14.02 102.13  65.78  64.03   7.95   5.78  74.51  57.69  533.85  547.52   0
      0.00  135.000  40.00000 -105.27000 6.1239e-009 1.2307e-003  619.57   20.68   -2.93 5.9739e-009 1.2893e-003  665.38  -67.30   -2.68   7.38  14.17 102.03  65.41  63.46   7.91   6.53  73.90  57.28  530.42  549.68   0
      0.00  134.500  40.00000 -105.27000 6.3521e-009 1.2599e-003  612.16   20.27   -2.86 6.3806e-009 1.2904e-003  624.16  -69.06   18.17   7.40  14.33 101.88  65.04  62.87   7.86   5.77  73.28  56.85  526.96  532.10   0
      0.00  134.000  40.00000 -105.27000 6.5921e-009 1.2902e-003  604.73   19.86   -2.78 6.7314e-009 1.3335e-003  612.08  -68.18   30.06   7.42  14.49 101.69  64.67  62.29   7.82   5.90  72.66  56.43  523.46  526.64   0
      0.00  133.500  40.00000 -105.27000 6.8449e-009 1.3218e-003  597.26   19.46   -2.71 6.9974e-009 1.3362e-003  590.65  -55.80   30.11   7.43  14.64 101.46  64.29  61.69   7.78   5.60  72.04  56.00  519.94  517.06   0
      0.00  133.000  40.00000 -105.27000 7.1112e-009 1.3545e-003  589.77   19.06   -2.64 7.0492e-009 1.4182e-003  622.95  -58.97   25.63   7.45  14.79 101.19  63.92  61.10   7.74   5.37  71.42  55.57  516.39  530.72   0
      0.00  132.500  40.00000 -105.27000 7.3920e-009 1.3885e-003  582.25   18.66   -2.57 7.5433e-009 1.4018e-003  576.04  -39.94   34.75   7.47  14.94 100.88  63.54  60.49   7.69   3.01  70.79  55.14  512.81  510.07   0
      0.00  132.000  40.00000 -105.27000 7.6883e-009 1.4239e-003  574.71   18.27   -2.50 7.5657e-009 1.4697e-003  602.82  -57.51   40.17   7.49  15.09 100.53  63.16  59.88   7.65   4.96  70.16  54.70  509.20  521.50   0
      0.00  131.500  40.00000 -105.27000 8.0010e-009 1.4607e-003  567.15   17.88   -2.43 7.7750e-009 1.5313e-003  611.85  -53.52   17.74   7.51  15.24 100.14  62.77  59.27   7.61   4.91  69.53  54.26  505.55  525.10   0
      0.00  131.000  40.00000 -105.27000 8.3315e-009 1.4990e-003  559.56   17.49   -2.36 8.1873e-009 1.5677e-003  595.52  -44.03   23.44   7.52  15.38  99.72  62.39  58.64   7.57   4.88  68.90  53.81  501.88  517.75   0
      0.00  130.500  40.00000 -105.27000 8.6810e-009 1.5389e-003  551.96   17.11   -2.29 8.5961e-009 1.6158e-003  585.26  -32.96   19.59   7.54  15.53  99.26  62.00  58.01   7.52   4.51  68.26  53.36  498.18  512.99   0
      0.00  130.000  40.00000 -105.27000 9.0509e-009 1.5805e-003  544.34   16.72   -2.23 8.8239e-009 1.6773e-003  592.53  -54.52   25.02   7.56  15.67  98.76  61.61  57.38   7.48   7.14  67.62  52.91  494.45  515.87   0
      0.00  129.500  40.00000 -105.27000 9.4426e-009 1.6239e-003  536.69   16.35   -2.16 8.8754e-009 1.7900e-003  629.37  -46.41   24.47   7.58  15.81  98.23  61.22  56.73   7.44   4.97  66.98  52.46  490.69  531.36   0
      0.00  129.000  40.00000 -105.27000 9.8578e-009 1.6692e-003  529.04   15.97   -2.09 9.3600e-009 1.8301e-003  610.86  -77.00   28.75   7.59  15.95  97.66  60.82  56.08   7.39   8.63  66.33  52.00  486.89  523.19   0
      0.00  128.500  40.00000 -105.27000 1.0298e-008 1.7166e-003  521.37   15.60   -2.03 9.6344e-009 1.9084e-003  619.58  -98.10   32.19   7.61  16.09  97.06  60.42  55.42   7.35  11.62  65.69  51.53  483.07  526.61   0
      0.00  128.000  40.00000 -105.27000 1.0766e-008 1.7660e-003  513.69   15.23   -1.96 1.0426e-008 1.9275e-003  578.91  -81.62   42.32   7.63  16.23  96.43  60.02  54.76   7.31   8.67  65.03  51.06  479.22  508.74   0
      0.00  127.500  40.00000 -105.27000 1.1263e-008 1.8178e-003  505.99   14.86   -1.90 1.0783e-008 2.0039e-003  582.62  -51.40   48.67   7.65  16.37  95.76  59.62  54.08   7.27  11.18  64.38  50.59  475.34  510.07   0
      0.00  127.000  40.00000 -105.27000 1.1792e-008 1.8719e-003  498.29   14.49   -1.83 1.1471e-008 2.0329e-003  556.29  -71.74   64.66   7.66  16.50  95.07  59.21  53.40   7.22   7.06  63.72  50.11  471.43  498.11   0
      0.00  126.500  40.00000 -105.27000 1.2355e-008 1.9287e-003  490.58   14.13   -1.77 1.1506e-008 2.1770e-003  594.58  -77.81   51.73   7.68  16.64  94.34  58.80  52.71   7.18   4.79  63.05  49.63  467.49  514.66   0
      0.00  126.000  40.00000 -105.27000 1.2955e-008 1.9881e-003  482.87   13.77   -1.71 1.1734e-008 2.2791e-003  611.14  -48.37   44.12   7.70  16.77  93.58  58.39  52.01   7.14   6.43  62.38  49.14  463.52  521.47   0
      0.00  125.500  40.00000 -105.27000 1.3595e-008 2.0505e-003  475.15   13.42   -1.65 1.2483e-008 2.3266e-003  587.14  -26.96   47.81   7.71  16.90  92.79  57.98  51.29   7.10   8.57  61.71  48.65  459.53  510.82   0
      0.00  125.000  40.00000 -105.27000 1.4278e-008 2.1160e-003  467.43   13.07   -1.59 1.2965e-008 2.3935e-003  582.27  -31.80   42.59   7.73  17.04  91.98  57.56  50.57   7.05   7.50  61.03  48.16  455.50  508.39   0
      0.00  124.500  40.00000 -105.27000 1.5009e-008 2.1849e-003  459.71   12.72   -1.53 1.3556e-008 2.4924e-003  580.64  -39.74   51.27   7.75  17.17  91.13  57.14  49.84   7.01   5.96  60.35  47.65  451.45  507.36   0
      0.00  124.000  40.00000 -105.27000 1.5790e-008 2.2573e-003  452.00   12.37   -1.47 1.4204e-008 2.5772e-003  573.67  -56.58   44.61   7.77  17.30  90.26  56.71  49.10   6.97   6.80  59.66  47.15  447.37  504.00   0
      0.00  123.500  40.00000 -105.27000 1.6627e-008 2.3335e-003  444.31   12.03   -1.41 1.5039e-008 2.6451e-003  556.80  -46.77   56.61   7.78  17.42  89.37  56.29  48.35   6.93   8.05  58.97  46.63  443.27  496.22   0
      0.00  123.000  40.00000 -105.27000 1.7523e-008 2.4139e-003  436.64   11.69   -1.35 1.6112e-008 2.7132e-003  533.74  -39.71   64.08   7.80  17.55  88.46  55.86  47.58   6.88   6.53  58.27  46.12  439.15  485.54   0
      0.00  122.500  40.00000 -105.27000 1.8484e-008 2.4986e-003  429.00   11.35   -1.30 1.7093e-008 2.7865e-003  517.39  -23.62   65.63   7.82  17.68  87.52  55.42  46.80   6.84  10.08  57.57  45.59  435.02  477.74   0
      0.00  122.000  40.00000 -105.27000 1.9516e-008 2.5880e-003  421.40   11.02   -1.24 1.7934e-008 2.8630e-003  507.30   -6.15   81.41   7.83  17.81  86.57  54.98  46.01   6.80  14.05  56.86  45.06  430.88  472.75   0
      0.00  121.500  40.00000 -105.27000 2.0624e-008 2.6825e-003  413.85   10.69   -1.19 1.9385e-008 2.9634e-003  486.41   -4.93   73.52   7.85  17.93  85.60  54.54  45.21   6.76  12.10  56.14  44.52  426.72  462.62   0
      0.00  121.000  40.00000 -105.27000 2.1815e-008 2.7824e-003  406.35   10.37   -1.13 2.0344e-008 3.1018e-003  485.75   -0.16   76.19   7.87  18.05  84.62  54.10  44.39   6.71  11.60  55.42  43.98  422.57  462.01   0
      0.00  120.500  40.00000 -105.27000 2.3096e-008 2.8881e-003  398.91   10.05   -1.08 2.1736e-008 3.2132e-003  471.59    2.46   51.26   7.88  18.18  83.62  53.65  43.55   6.67  11.09  54.69  43.43  418.41  454.93   0
      0.00  120.000  40.00000 -105.27000 2.4476e-008 3.0002e-003  391.54    9.74   -1.03 2.2949e-008 3.3379e-003  464.59   16.69   40.92   7.90  18.30  82.62  53.20  42.70   6.63   8.35  53.96  42.87  414.25  451.24   0
      0.00  119.500  40.00000 -105.27000 2.5959e-008 3.1185e-003  384.24    9.45   -0.99 2.4773e-008 3.3796e-003  436.35   18.35   55.10   8.11  18.17  79.86  52.81  43.73   6.60   5.72  54.17  43.09  410.10  437.03   0
      0.00  119.000  40.00000 -105.27000 2.7550e-008 3.2431e-003  377.01    9.21   -0.95 2.6039e-008 3.4806e-003  428.10   39.71   64.96   8.31  18.05  77.16  52.42  44.74   6.56   3.33  54.40  43.31  405.96  432.59   0
      0.00  118.500  40.00000 -105.27000 2.9258e-008 3.3745e-003  369.86    9.02   -0.92 2.7398e-008 3.5980e-003  421.14   40.21   49.46   8.51  17.92  74.49  52.03  45.72   6.53   0.31  54.64  43.53  401.83  428.78   0
      0.00  118.000  40.00000 -105.27000 3.1094e-008 3.5131e-003  362.79    8.89   -0.90 2.6997e-008 3.9246e-003  466.80   29.50   47.24   8.71  17.79  71.87  51.64  46.69   6.49  -5.09  54.88  43.75  397.71  451.13   0
      0.00  117.500  40.00000 -105.27000 3.3070e-008 3.6595e-003  355.80    8.80   -0.89 2.7587e-008 4.1310e-003  481.47   19.48   43.83   8.90  17.66  69.29  51.24  47.63   6.46  -5.04  55.13  43.97  393.60  457.87   0
      0.00  117.000  40.00000 -105.27000 3.5199e-008 3.8145e-003  348.89    8.78   -0.88 2.8668e-008 4.1480e-003  465.83    8.85   38.64   9.09  17.53  66.75  50.84  48.56   6.43  -3.89  55.39  44.18  389.51  450.07   0
      0.00  116.500  40.00000 -105.27000 3.7495e-008 3.9786e-003  342.06    8.81   -0.89 3.1107e-008 4.2181e-003  437.13   20.21   48.93   9.27  17.40  64.26  50.43  49.47   6.39  -0.18  55.66  44.40  385.43  435.71   0
      0.00  116.000  40.00000 -105.27000 3.9975e-008 4.1526e-003  335.32    8.90   -0.90 3.2965e-008 4.3678e-003  427.69    8.50   46.64   9.45  17.27  61.80  50.03  50.36   6.36   0.57  55.93  44.61  381.36  430.69   0
      0.00  115.500  40.00000 -105.27000 4.2658e-008 4.3375e-003  328.65    9.05   -0.92 3.5387e-008 4.5243e-003  413.24    3.02   56.36   9.63  17.13  59.38  49.61  51.24   6.32   0.07  56.22  44.83  377.30  423.08   0
      0.00  115.000  40.00000 -105.27000 4.5565e-008 4.5341e-003  322.05    9.25   -0.95 3.5208e-008 4.6269e-003  425.32   -7.94   44.46   9.80  17.00  57.00  49.20  52.10   6.29   0.18  56.51  45.04  373.24  428.93   0
      0.00  114.500  40.00000 -105.27000 4.8712e-008 4.7439e-003  315.62    9.54   -0.99 3.8038e-008 4.6644e-003  397.41  -15.81   39.73  10.01  16.88  54.89  49.66  52.20   6.26   0.48  56.86  45.28  369.24  414.33   0
      0.00  114.000  40.00000 -105.27000 5.2129e-008 4.9677e-003  309.28    9.91   -1.04 3.9197e-008 4.8804e-003  404.08  -14.53   62.18  10.21  16.77  52.81  50.11  52.30   6.22   1.39  57.21  45.52  365.26  417.51   0
      0.00  113.500  40.00000 -105.27000 5.5844e-008 5.2070e-003  303.03   10.34   -1.10 4.4167e-008 4.9128e-003  361.50  -10.69   74.98  10.41  16.65  50.77  50.56  52.40   6.19  -0.48  57.58  45.76  361.30  394.62   0
      0.00  113.000  40.00000 -105.27000 5.9892e-008 5.4631e-003  296.87   10.84   -1.16 4.9597e-008 5.0413e-003  330.82   -8.86   77.41  10.60  16.53  48.76  51.01  52.50   6.15  -6.54  57.97  46.00  357.35  377.23   0
      0.00  112.500  40.00000 -105.27000 6.4312e-008 5.7378e-003  290.80   11.41   -1.23 5.2788e-008 5.2387e-003  323.46  -22.77   67.53  10.79  16.41  46.79  51.45  52.60   6.12  -6.68  58.37  46.24  353.42  372.74   0
      0.00  112.000  40.00000 -105.27000 6.9146e-008 6.0328e-003  284.80   12.05   -1.31 5.7986e-008 5.4282e-003  305.58  -45.86   65.81  10.98  16.29  44.85  51.88  52.70   6.09  -5.53  58.79  46.48  349.50  362.02   0
      0.00  111.500  40.00000 -105.27000 7.4446e-008 6.3504e-003  278.87   12.76   -1.40 6.4804e-008 5.6273e-003  283.89  -31.31   54.17  11.16  16.17  42.94  52.32  52.80   6.05  -2.04  59.23  46.72  345.58  348.67   0
      0.00  111.000  40.00000 -105.27000 8.0270e-008 6.6927e-003  273.00   13.54   -1.49 6.9244e-008 5.8231e-003  275.36  -19.91   54.23  11.35  16.05  41.06  52.75  52.90   6.02  -0.64  59.68  46.95  341.65  343.12   0
      0.00  110.500  40.00000 -105.27000 8.6689e-008 7.0626e-003  267.19   14.40   -1.59 7.4735e-008 6.1006e-003  267.71  -30.17   46.94  11.52  15.92  39.21  53.18  53.00   5.98  -0.99  60.17  47.19  337.73  338.06   0
      0.00  110.000  40.00000 -105.27000 9.3782e-008 7.4632e-003  261.41   15.32   -1.70 8.5062e-008 6.2695e-003  242.11  -25.85   42.24  11.70  15.80  37.38  53.60  53.10   5.95  -2.46  60.68  47.42  333.78  321.23   0
      0.00  109.500  40.00000 -105.27000 1.0139e-007 7.8992e-003  256.34   16.46   -1.81 9.1987e-008 6.6043e-003  236.22  -33.40   41.00  11.89  15.67  35.88  53.54  52.65   5.92  -0.56  60.71  47.19  330.27  317.04   0
      0.00  109.000  40.00000 -105.27000 1.0974e-007 8.3722e-003  251.41   17.70   -1.93 9.9507e-008 7.0107e-003  232.18  -41.29   59.81  12.08  15.55  34.41  53.48  52.19   5.88  -3.13  60.79  46.97  326.81  314.06   0
      0.00  108.500  40.00000 -105.27000 1.1894e-007 8.8860e-003  246.60   19.02   -2.05 1.0921e-007 7.5776e-003  229.04  -28.50   55.19  12.27  15.42  32.97  53.42  51.73   5.85  -1.48  60.93  46.74  323.41  311.68   0
      0.00  108.000  40.00000 -105.27000 1.2908e-007 9.4449e-003  241.92   20.44   -2.18 1.1321e-007 8.1570e-003  238.23  -40.79   65.93  12.45  15.29  31.56  53.36  51.27   5.81  -2.25  61.12  46.51  320.06  317.61   0
      0.00  107.500  40.00000 -105.27000 1.4029e-007 1.0054e-002  237.34   21.94   -2.31 1.1460e-007 8.6966e-003  251.33  -27.32   59.49  12.63  15.16  30.18  53.30  50.80   5.78  -0.44  61.38  46.28  316.75  325.95   0
      0.00  107.000  40.00000 -105.27000 1.5269e-007 1.0718e-002  232.87   23.53   -2.45 1.2960e-007 9.1860e-003  235.14  -16.46   59.58  12.81  15.03  28.81  53.24  50.33   5.75  -2.26  61.70  46.05  313.48  315.01   0
      0.00  106.500  40.00000 -105.27000 1.6645e-007 1.1444e-002  228.48   25.20   -2.59 1.5286e-007 9.6678e-003  210.19  -19.33   53.35  12.99  14.90  27.47  53.18  49.86   5.71  -3.88  62.10  45.81  310.25  297.57   0
      0.00  106.000  40.00000 -105.27000 1.8174e-007 1.2238e-002  224.18   26.95   -2.73 1.5974e-007 1.0344e-002  215.57  -37.14   36.46  13.16  14.77  26.14  53.12  49.38   5.68  -3.70  62.58  45.58  307.04  301.09   0
      0.00  105.500  40.00000 -105.27000 1.9878e-007 1.3109e-002  219.94   28.78   -2.87 1.7687e-007 1.1084e-002  209.01  -22.89   39.13  13.33  14.64  24.82  53.06  48.89   5.64  -5.60  63.13  45.35  303.85  296.21   0
      0.00  105.000  40.00000 -105.27000 2.1782e-007 1.4066e-002  215.76   30.68   -3.02 1.9848e-007 1.1880e-002  199.98  -41.73   34.81  13.50  14.50  23.52  53.00  48.40   5.61  -4.67  63.77  45.11  300.68  289.48   0
      0.00  104.500  40.00000 -105.27000 2.3804e-007 1.5119e-002  212.61   32.09   -3.16 2.0138e-007 1.2644e-002  210.18  -27.79   32.93  13.70  14.38  22.56  52.66  48.07   5.58  -1.76  64.15  44.81  298.19  296.49   0
      0.00  104.000  40.00000 -105.27000 2.6042e-007 1.6274e-002  209.59   33.50   -3.31 2.3316e-007 1.3741e-002  197.66  -29.98   33.94  13.90  14.25  21.61  52.32  47.74   5.54  -4.21  64.56  44.51  295.78  287.24   0
      0.00  103.500  40.00000 -105.27000 2.8520e-007 1.7541e-002  206.69   34.92   -3.46 2.4738e-007 1.4685e-002  199.49  -15.97   43.12  14.10  14.12  20.67  51.97  47.41   5.50  -3.67  65.00  44.21  293.44  288.28   0
      0.00  103.000  40.00000 -105.27000 3.1267e-007 1.8933e-002  203.90   36.34   -3.60 2.7171e-007 1.5832e-002  196.21  -10.65   50.68  14.29  13.99  19.75  51.63  47.07   5.47  -0.37  65.47  43.91  291.16  285.61   0
      0.00  102.500  40.00000 -105.27000 3.4316e-007 2.0463e-002  201.20   37.75   -3.75 2.9349e-007 1.6995e-002  195.39    6.53   45.74  14.48  13.87  18.82  51.28  46.73   5.44  -0.43  65.96  43.60  288.93  284.73   0
      0.00  102.000  40.00000 -105.27000 3.7705e-007 2.2146e-002  198.59   39.15   -3.89 3.0784e-007 1.8014e-002  197.85   10.25   56.33  14.67  13.73  17.90  50.93  46.39   5.40  -0.73  66.48  43.30  286.76  286.22   0
      0.00  101.500  40.00000 -105.27000 4.1476e-007 2.3999e-002  196.05   40.54   -4.03 3.1330e-007 1.8712e-002  202.35   -3.49   49.57  14.86  13.60  16.98  50.58  46.05   5.37  -0.95  67.01  42.99  284.62  289.16   0
      0.00  101.000  40.00000 -105.27000 4.5678e-007 2.6042e-002  193.57   41.91   -4.17 3.4911e-007 2.0298e-002  197.41  -10.53   42.20  15.04  13.47  16.05  50.22  45.70   5.33  -2.20  67.55  42.67  282.52  285.31   0
      0.00  100.500  40.00000 -105.27000 5.0368e-007 2.8295e-002  191.14   43.25   -4.31 3.5021e-007 2.0773e-002  201.82    3.51   44.67  15.22  13.34  15.11  49.86  45.35   5.29   1.66  68.10  42.36  280.44  288.17   0
      0.00  100.000  40.00000 -105.27000 5.5611e-007 3.0784e-002  188.76   44.57   -4.45 3.7165e-007 2.1862e-002  200.58    3.84   23.20  15.40  13.20  14.16  49.50  45.00   5.26   0.50  68.65  42.04  278.39  286.97   0
      0.00   99.500  40.00000 -105.27000 6.1105e-007 3.3560e-002  187.52   45.57   -4.58 4.2099e-007 2.4316e-002  197.21    2.11   18.52  15.14  12.94  13.97  48.80  44.43   5.23   4.85  68.79  41.48  277.29  284.36   0
      0.00   99.000  40.00000 -105.27000 6.7167e-007 3.6615e-002  186.37   46.53   -4.70 5.2459e-007 2.8684e-002  186.94    1.77   20.46  14.88  12.67  13.80  48.09  43.85   5.21   2.02  68.92  40.90  276.26  276.67   0
      0.00   98.500  40.00000 -105.27000 7.3857e-007 3.9979e-002  185.30   47.43   -4.82 6.5200e-007 3.3567e-002  176.24    0.16   14.01  14.62  12.40  13.63  47.37  43.26   5.18   1.93  69.01  40.32  275.29  268.47   0
      0.00   98.000  40.00000 -105.27000 8.1243e-007 4.3683e-002  184.29   48.27   -4.94 6.9202e-007 3.6243e-002  179.51   -0.75   14.61  14.35  12.12  13.46  46.64  42.66   5.16  -3.94  69.08  39.73  274.36  270.78   0
      0.00   97.500  40.00000 -105.27000 8.9400e-007 4.7761e-002  183.33   49.05   -5.05 7.6571e-007 3.9821e-002  178.47   11.77   21.55  14.07  11.84  13.30  45.90  42.06   5.13  -1.87  69.11  39.13  273.48  269.83   0
      0.00   97.000  40.00000 -105.27000 9.8411e-007 5.2252e-002  182.42   49.77   -5.16 8.0053e-007 4.2503e-002  182.42    8.04   21.70  13.79  11.55  13.14  45.15  41.45   5.11   0.58  69.11  38.52  272.64  272.64   0
      0.00   96.500  40.00000 -105.27000 1.0837e-006 5.7199e-002  181.55   50.42   -5.26 9.1583e-007 4.7465e-002  178.27    8.09   10.08  13.50  11.25  12.99  44.38  40.83   5.09  -0.71  69.07  37.90  271.83  269.37   0
      0.00   96.000  40.00000 -105.27000 1.1938e-006 6.2647e-002  180.71   51.01   -5.35 9.6601e-007 5.0959e-002  181.66   13.49   17.62  13.21  10.94  12.84  43.60  40.19   5.06   0.52  68.98  37.27  271.05  271.76   0
      0.00   95.500  40.00000 -105.27000 1.3156e-006 6.8650e-002  179.90   51.53   -5.44 1.0893e-006 5.6554e-002  178.99    3.73   36.08  12.91  10.63  12.69  42.81  39.55   5.04   5.01  68.85  36.63  270.28  269.60   0
      0.00   95.000  40.00000 -105.27000 1.4504e-006 7.5264e-002  179.10   51.98   -5.52 1.1646e-006 6.1184e-002  181.33   15.62   25.06  12.60  10.30  12.54  42.00  38.90   5.01   1.25  68.67  35.98  269.54  271.21   0
      0.00   94.500  40.00000 -105.27000 1.5915e-006 8.2958e-002  180.08   51.81   -5.60 1.2646e-006 6.7146e-002  183.44   11.12   39.34  12.35  10.04  12.54  41.54  38.58   4.98   0.81  68.27  35.63  270.14  272.65   0
      0.00   94.000  40.00000 -105.27000 1.7451e-006 9.1404e-002  181.11   51.56   -5.66 1.4424e-006 7.5556e-002  181.13   14.02   33.15  12.09   9.77  12.54  41.07  38.26   4.96   0.98  67.80  35.28  270.79  270.80   0
      0.00   93.500  40.00000 -105.27000 1.9124e-006 1.0066e-001  182.18   51.22   -5.72 1.6132e-006 8.4252e-002  180.75    3.72   31.22  11.83   9.50  12.54  40.59  37.94   4.93   3.68  67.26  34.92  271.47  270.40   0
      0.00   93.000  40.00000 -105.27000 2.0942e-006 1.1081e-001  183.29   50.80   -5.77 1.7869e-006 9.3501e-002  181.26   -5.52   34.53  11.56   9.22  12.54  40.11  37.61   4.91   3.51  66.66  34.56  272.17  270.66   0
      0.00   92.500  40.00000 -105.27000 2.2918e-006 1.2191e-001  184.43   50.29   -5.82 1.9782e-006 1.0369e-001  181.73    4.94   26.38  11.29   8.93  12.55  39.63  37.29   4.88   4.16  65.99  34.20  272.89  270.89   0
      0.00   92.000  40.00000 -105.27000 2.5064e-006 1.3404e-001  185.58   49.71   -5.85 2.0213e-006 1.1128e-001  191.04    7.60   13.25  11.01   8.63  12.55  39.13  36.96   4.85   3.19  65.26  33.83  273.63  277.62   0
      0.00   91.500  40.00000 -105.27000 2.7394e-006 1.4729e-001  186.75   49.06   -5.88 2.1924e-006 1.2267e-001  194.34    3.77   13.19  10.72   8.31  12.55  38.64  36.62   4.83   4.29  64.46  33.46  274.37  279.88   0
      0.00   91.000  40.00000 -105.27000 2.9921e-006 1.6175e-001  187.92   48.33   -5.90 2.3561e-006 1.3470e-001  198.74   -0.13    8.77  10.42   7.99  12.56  38.13  36.28   4.80   4.84  63.61  33.08  275.11  282.91   0
      0.00   90.500  40.00000 -105.27000 3.2661e-006 1.7752e-001  189.10   47.53   -5.91 2.7693e-006 1.5362e-001  193.00   14.86   18.07  10.11   7.65  12.56  37.62  35.94   4.78   6.00  62.70  32.70  275.85  278.68   0
      0.00   90.000  40.00000 -105.27000 3.5632e-006 1.9469e-001  190.27   46.66   -5.92 3.1140e-006 1.7166e-001  191.96   16.25   14.36   9.80   7.30  12.56  37.10  35.60   4.75   8.07  61.74  32.32  276.58  277.80   0
      0.00   89.500  40.00000 -105.27000 3.8794e-006 2.1281e-001  191.04   45.11   -5.79 3.6182e-006 1.9157e-001  184.39   23.58   14.54   9.52   7.19  12.24  37.50  35.52   4.68   5.34  60.68  32.46  277.12  272.26   0
      0.00   89.000  40.00000 -105.27000 4.2223e-006 2.3252e-001  191.80   43.57   -5.66 4.0319e-006 2.1119e-001  182.43   12.05   28.45   9.23   7.08  11.91  37.89  35.44   4.62   5.39  59.65  32.61  277.67  270.80   0
      0.00   88.500  40.00000 -105.27000 4.5939e-006 2.5398e-001  192.57   42.02   -5.54 4.4346e-006 2.3233e-001  182.49   19.02   38.27   8.94   6.96  11.56  38.28  35.36   4.55   4.74  58.65  32.75  278.21  270.83   0
      0.00   88.000  40.00000 -105.27000 4.9967e-006 2.7732e-001  193.34   40.47   -5.41 4.7543e-006 2.5339e-001  185.66   10.80   33.08   8.63   6.85  11.20  38.66  35.28   4.49   5.04  57.66  32.90  278.75  273.16   0
      0.00   87.500  40.00000 -105.27000 5.4329e-006 3.0270e-001  194.11   38.93   -5.28 5.2339e-006 2.7789e-001  184.97   11.63   31.61   8.32   6.73  10.81  39.05  35.20   4.42   1.23  56.70  33.04  279.29  272.64   0
      0.00   87.000  40.00000 -105.27000 5.9053e-006 3.3029e-001  194.87   37.38   -5.15 5.9189e-006 3.0595e-001  180.10   18.22   46.45   7.99   6.61  10.41  39.42  35.12   4.35   0.33  55.77  33.18  279.83  269.01   0
      0.00   86.500  40.00000 -105.27000 6.4168e-006 3.6028e-001  195.64   35.83   -5.03 6.3827e-006 3.3494e-001  182.85   20.43   41.01   7.64   6.48   9.98  39.80  35.04   4.29  -1.57  54.87  33.33  280.37  271.05   0
      0.00   86.000  40.00000 -105.27000 6.9703e-006 3.9286e-001  196.41   34.29   -4.90 6.8489e-006 3.6603e-001  186.24    7.46   33.55   7.28   6.36   9.52  40.17  34.96   4.22  -0.26  53.99  33.47  280.90  273.53   0
      0.00   85.500  40.00000 -105.27000 7.5691e-006 4.2824e-001  197.18   32.74   -4.77 7.6073e-006 4.0167e-001  184.02    1.48   34.71   6.90   6.23   9.04  40.54  34.88   4.16  -1.15  53.15  33.61  281.44  271.88   0
      0.00   85.000  40.00000 -105.27000 8.2168e-006 4.6665e-001  197.95   31.20   -4.65 8.2539e-006 4.3891e-001  185.34   -4.52   34.56   6.50   6.10   8.51  40.90  34.80   4.09  -4.95  52.34  33.75  281.97  272.85   0
      0.00   84.500  40.00000 -105.27000 8.8972e-006 5.0673e-001  198.48   30.74   -4.54 9.0658e-006 4.7907e-001  184.15   -2.01   37.75   6.46   6.02   8.41  40.11  34.23   4.01  -4.65  51.45  33.14  282.37  271.99   0
      0.00   84.000  40.00000 -105.27000 9.6315e-006 5.5011e-001  199.00   30.28   -4.43 9.8690e-006 5.2184e-001  184.23   -3.11   23.37   6.42   5.95   8.30  39.30  33.65   3.93  -2.41  50.56  32.52  282.78  272.08   0
      0.00   83.500  40.00000 -105.27000 1.0424e-005 5.9706e-001  199.53   29.83   -4.33 1.0818e-005 5.6979e-001  183.49  -13.27   30.05   6.38   5.87   8.19  38.47  33.06   3.85  -0.57  49.65  31.88  283.18  271.55   0
      0.00   83.000  40.00000 -105.27000 1.1279e-005 6.4784e-001  200.06   29.37   -4.22 1.1415e-005 6.1676e-001  188.18   -2.93   43.72   6.34   5.79   8.07  37.63  32.46   3.77   0.58  48.73  31.23  283.58  275.03   0
      0.00   82.500  40.00000 -105.27000 1.2201e-005 7.0277e-001  200.58   28.92   -4.11 1.2343e-005 6.7011e-001  189.06  -10.06   41.89   6.30   5.71   7.95  36.76  31.85   3.69   2.14  47.80  30.57  283.97  275.70   0
      0.00   82.000  40.00000 -105.27000 1.3195e-005 7.6216e-001  201.11   28.46   -4.01 1.2986e-005 7.2114e-001  193.34    5.33   34.59   6.26   5.63   7.83  35.88  31.23   3.62   4.85  46.85  29.90  284.37  278.83   0
      0.00   81.500  40.00000 -105.27000 1.4266e-005 8.2637e-001  201.64   28.01   -3.90 1.4547e-005 7.8806e-001  188.57    4.30   22.26   6.22   5.55   7.71  34.97  30.59   3.54   3.87  45.89  29.20  284.77  275.39   0
      0.00   81.000  40.00000 -105.27000 1.5421e-005 8.9576e-001  202.16   27.55   -3.80 1.5844e-005 8.5768e-001  188.40    6.54   23.26   6.18   5.47   7.58  34.04  29.94   3.46   3.84  44.91  28.49  285.17  275.29   0
      0.00   80.500  40.00000 -105.27000 1.6666e-005 9.7074e-001  202.69   27.09   -3.69 1.6987e-005 9.2997e-001  190.50    3.14   19.32   6.14   5.39   7.45  33.09  29.28   3.38   4.18  43.92  27.77  285.56  276.85   0
      0.00   80.000  40.00000 -105.27000 1.8007e-005 1.0517e+000  203.21   26.64   -3.58 1.8145e-005 1.0051e+000  192.71    7.75   19.01   6.10   5.30   7.32  32.10  28.60   3.30   4.18  42.90  27.02  285.96  278.47   0
      0.00   79.500  40.00000 -105.27000 1.9480e-005 1.1400e+000  203.65   25.56   -3.35 1.9705e-005 1.0890e+000  192.32   -3.07   17.30   6.14   5.46   7.44  31.89  27.96   3.22   2.97  41.86  26.65  286.23  278.16   0
      0.00   79.000  40.00000 -105.27000 2.1070e-005 1.2354e+000  204.08   24.47   -3.13 2.1915e-005 1.1870e+000  188.53    1.44   21.28   6.18   5.61   7.56  31.67  27.30   3.14   1.06  40.82  26.28  286.51  275.38   0
      0.00   78.500  40.00000 -105.27000 2.2786e-005 1.3386e+000  204.52   23.39   -2.90 2.3440e-005 1.2829e+000  190.54    1.12   18.76   6.22   5.76   7.68  31.46  26.62   3.06   1.52  39.79  25.90  286.78  276.81   0
      0.00   78.000  40.00000 -105.27000 2.4638e-005 1.4502e+000  204.95   22.31   -2.67 2.5208e-005 1.3887e+000  191.83    6.24   14.85   6.26   5.90   7.80  31.24  25.93   2.98  -0.33  38.76  25.51  287.06  277.72   0
      0.00   77.500  40.00000 -105.27000 2.6635e-005 1.5708e+000  205.39   21.23   -2.44 2.7255e-005 1.5042e+000  192.21    1.76   14.03   6.30   6.04   7.92  31.02  25.22   2.90   0.33  37.73  25.12  287.34  277.97   0
      0.00   77.000  40.00000 -105.27000 2.8790e-005 1.7011e+000  205.82   20.15   -2.22 2.8329e-005 1.6119e+000  198.21    7.16   17.54   6.34   6.18   8.04  30.80  24.48   2.83   0.42  36.71  24.73  287.61  282.24   0
      0.00   76.500  40.00000 -105.27000 3.1114e-005 1.8419e+000  206.26   19.06   -1.99 3.1714e-005 1.7495e+000  192.20    0.38   16.63   6.38   6.31   8.16  30.58  23.73   2.75  -0.83  35.69  24.32  287.88  277.90   0
      0.00   76.000  40.00000 -105.27000 3.3620e-005 1.9940e+000  206.69   17.98   -1.76 3.4172e-005 1.8920e+000  192.95   -9.11   17.64   6.42   6.44   8.28  30.35  22.95   2.67   0.67  34.68  23.91  288.16  278.41   0
      0.00   75.500  40.00000 -105.27000 3.6322e-005 2.1584e+000  207.13   16.90   -1.53 3.6792e-005 2.0512e+000  194.33  -24.70   16.33   6.46   6.57   8.39  30.13  22.14   2.59   0.29  33.67  23.50  288.43  279.38   0
      0.00   75.000  40.00000 -105.27000 3.9234e-005 2.3358e+000  207.56   15.82   -1.30 3.9843e-005 2.2141e+000  193.74  -13.01   14.89   6.50   6.70   8.51  29.90  21.30   2.51  -1.43  32.67  23.07  288.70  278.92   0
      0.00   74.500  40.00000 -105.27000 4.2348e-005 2.5318e+000  208.44   15.46   -1.28 4.3303e-005 2.4044e+000  193.58  -14.55   19.57   6.42   6.62   8.38  29.38  20.77   2.45  -2.06  32.00  22.61  289.31  278.81   0
      0.00   74.000  40.00000 -105.27000 4.5694e-005 2.7433e+000  209.32   15.11   -1.25 4.7179e-005 2.6201e+000  193.62   -4.37   21.41   6.35   6.55   8.24  28.85  20.23   2.39  -1.08  31.32  22.14  289.91  278.83   0
      0.00   73.500  40.00000 -105.27000 4.9290e-005 2.9715e+000  210.19   14.75   -1.22 4.9773e-005 2.8314e+000  198.34    3.61   23.72   6.27   6.47   8.10  28.31  19.67   2.33  -1.73  30.63  21.67  290.52  282.21   0
      0.00   73.000  40.00000 -105.27000 5.3152e-005 3.2176e+000  211.07   14.39   -1.20 5.3021e-005 3.0580e+000  201.09    1.27   22.55   6.19   6.39   7.95  27.76  19.10   2.27  -1.28  29.92  21.18  291.12  284.16   0
      0.00   72.500  40.00000 -105.27000 5.7300e-005 3.4831e+000  211.95   14.04   -1.17 5.4613e-005 3.2618e+000  208.25    0.47   20.71   6.11   6.31   7.79  27.20  18.50   2.21  -1.67  29.21  20.68  291.72  289.16   0
      0.00   72.000  40.00000 -105.27000 6.1754e-005 3.7693e+000  212.83   13.68   -1.14 5.8091e-005 3.5054e+000  210.41   -0.39   15.29   6.03   6.23   7.63  26.63  17.89   2.15  -1.45  28.48  20.16  292.32  290.66   0
      0.00   71.500  40.00000 -105.27000 6.6533e-005 4.0777e+000  213.71   13.33   -1.12 6.4518e-005 3.8280e+000  206.89   -1.63   10.32   5.95   6.15   7.47  26.04  17.26   2.09  -1.50  27.74  19.63  292.92  288.21   0
      0.00   71.000  40.00000 -105.27000 7.1662e-005 4.4099e+000  214.59   12.97   -1.09 6.8145e-005 4.1143e+000  210.54    1.08    4.46   5.87   6.07   7.29  25.44  16.60   2.03  -1.03  26.98  19.09  293.52  290.73   0
      0.00   70.500  40.00000 -105.27000 7.7163e-005 4.7678e+000  215.47   12.62   -1.06 7.5081e-005 4.4899e+000  208.54    3.94   -0.41   5.78   5.98   7.11  24.83  15.92   1.97  -1.76  26.20  18.54  294.12  289.35   0
      0.00   70.000  40.00000 -105.27000 8.3063e-005 5.1532e+000  216.35   12.26   -1.04 8.2383e-005 4.8968e+000  207.28   11.17   -4.85   5.70   5.90   6.92  24.20  15.20   1.91  -0.21  25.41  17.96  294.71  288.47   0
      0.00   69.500  40.00000 -105.27000 8.9252e-005 5.5713e+000  217.66   11.89   -1.01 8.7446e-005 5.2803e+000  210.56    6.04   -6.35   5.80   5.97   6.90  23.88  15.05   1.87   0.19  24.99  17.74  295.62  290.75   0
      0.00   69.000  40.00000 -105.27000 9.5860e-005 6.0204e+000  218.97   11.52   -0.98 9.4598e-005 5.7273e+000  211.09    1.11   -3.84   5.89   6.05   6.88  23.56  14.89   1.84  -0.02  24.57  17.52  296.52  291.14   0
      0.00   68.500  40.00000 -105.27000 1.0291e-004 6.5028e+000  220.29   11.15   -0.96 1.0146e-004 6.1920e+000  212.77   -7.24   -5.62   5.98   6.12   6.86  23.23  14.74   1.80  -1.60  24.15  17.29  297.43  292.30   0
      0.00   68.000  40.00000 -105.27000 1.1044e-004 7.0206e+000  221.60   10.79   -0.93 1.0893e-004 6.6944e+000  214.24  -11.58   -2.42   6.08   6.19   6.83  22.90  14.58   1.76  -2.13  23.73  17.06  298.32  293.33   0
      0.00   67.500  40.00000 -105.27000 1.1847e-004 7.5762e+000  222.92   10.42   -0.90 1.1749e-004 7.2518e+000  215.15  -10.13   -4.99   6.17   6.26   6.81  22.56  14.42   1.73  -2.87  23.31  16.83  299.22  293.96   0
      0.00   67.000  40.00000 -105.27000 1.2702e-004 8.1720e+000  224.23   10.05   -0.88 1.2445e-004 7.7941e+000  218.28   -5.11   -0.83   6.26   6.33   6.78  22.22  14.26   1.69  -1.62  22.88  16.60  300.12  296.11   0
      0.00   66.500  40.00000 -105.27000 1.3614e-004 8.8108e+000  225.54    9.68   -0.85 1.3661e-004 8.5051e+000  216.96   -5.97   -2.28   6.34   6.40   6.75  21.88  14.10   1.65   0.72  22.45  16.36  301.01  295.23   0
      0.00   66.000  40.00000 -105.27000 1.4585e-004 9.4954e+000  226.86    9.31   -0.82 1.4492e-004 9.1361e+000  219.68    2.00    0.03   6.43   6.47   6.72  21.52  13.93   1.61   0.65  22.03  16.11  301.90  297.09   0
      0.00   65.500  40.00000 -105.27000 1.5620e-004 1.0229e+001  228.17    8.94   -0.80 1.5188e-004 9.7411e+000  223.47  -11.99    4.82   6.52   6.53   6.69  21.16  13.77   1.58   0.55  21.59  15.87  302.79  299.65   0
      0.00   65.000  40.00000 -105.27000 1.6721e-004 1.1014e+001  229.49    8.57   -0.77 1.6191e-004 1.0463e+001  225.16  -16.44    7.27   6.60   6.60   6.66  20.80  13.60   1.54   1.44  21.16  15.62  303.67  300.79   0
      0.00   64.500  40.00000 -105.27000 1.7893e-004 1.1847e+001  230.71    8.11   -0.77 1.7386e-004 1.1290e+001  226.27  -12.32   11.64   6.49   6.52   6.60  20.47  13.23   1.55   1.06  20.63  15.32  304.45  301.51   0
      0.00   64.000  40.00000 -105.27000 1.9140e-004 1.2737e+001  231.93    7.65   -0.76 1.8734e-004 1.2203e+001  227.03  -12.05   10.95   6.38   6.45   6.55  20.13  12.86   1.55   0.35  20.11  15.01  305.23  301.99   0
      0.00   63.500  40.00000 -105.27000 2.0467e-004 1.3689e+001  233.15    7.18   -0.76 1.9697e-004 1.3026e+001  230.51  -15.52   11.68   6.26   6.37   6.50  19.79  12.47   1.56   0.79  19.57  14.70  306.01  304.28   0
      0.00   63.000  40.00000 -105.27000 2.1877e-004 1.4707e+001  234.37    6.72   -0.76 2.1342e-004 1.4081e+001  230.02  -16.65    9.15   6.15   6.29   6.44  19.44  12.07   1.57   0.49  19.04  14.38  306.78  303.92   0
      0.00   62.500  40.00000 -105.27000 2.3377e-004 1.5795e+001  235.59    6.26   -0.76 2.3003e-004 1.5191e+001  230.27  -13.98   11.63   6.03   6.21   6.38  19.09  11.65   1.58   0.17  18.50  14.05  307.56  304.07   0
      0.00   62.000  40.00000 -105.27000 2.4971e-004 1.6956e+001  236.81    5.79   -0.76 2.4970e-004 1.6449e+001  229.74   -9.86    9.66   5.91   6.13   6.32  18.72  11.22   1.58   1.45  17.95  13.72  308.33  303.69   0
      0.00   61.500  40.00000 -105.27000 2.6664e-004 1.8196e+001  238.03    5.33   -0.75 2.6551e-004 1.7645e+001  231.79  -21.29   11.68   5.79   6.05   6.25  18.35  10.77   1.59   1.39  17.41  13.38  309.09  305.02   0
      0.00   61.000  40.00000 -105.27000 2.8463e-004 1.9520e+001  239.25    4.87   -0.75 2.8294e-004 1.8948e+001  233.63  -22.30    7.73   5.66   5.97   6.18  17.98  10.30   1.60   1.47  16.85  13.02  309.86  306.20   0
      0.00   60.500  40.00000 -105.27000 3.0372e-004 2.0932e+001  240.46    4.40   -0.75 3.0606e-004 2.0460e+001  233.24  -23.60    5.42   5.53   5.88   6.11  17.59   9.82   1.60   1.79  16.29  12.66  310.62  305.92   0
      0.00   60.000  40.00000 -105.27000 3.2399e-004 2.2438e+001  241.68    3.94   -0.75 3.2437e-004 2.1922e+001  235.84  -16.64    4.80   5.40   5.80   6.04  17.20   9.30   1.61   3.00  15.73  12.29  311.38  307.60   0
      0.00   59.500  40.00000 -105.27000 3.4544e-004 2.4062e+001  243.03    3.78   -0.74 3.5039e-004 2.3626e+001  235.26  -13.70    0.31   5.33   5.78   6.05  17.01   9.20   1.59   1.11  15.53  12.15  312.28  307.24   0
      0.00   59.000  40.00000 -105.27000 3.6818e-004 2.5792e+001  244.38    3.62   -0.73 3.7516e-004 2.5441e+001  236.57  -13.33    6.46   5.25   5.76   6.06  16.82   9.09   1.57   0.75  15.32  12.02  313.17  308.12   0
      0.00   58.500  40.00000 -105.27000 3.9227e-004 2.7635e+001  245.73    3.45   -0.72 4.0221e-004 2.7400e+001  237.62  -12.38    6.61   5.17   5.74   6.07  16.63   8.98   1.55   2.37  15.12  11.88  314.05  308.83   0
      0.00   58.000  40.00000 -105.27000 4.1778e-004 2.9599e+001  247.08    3.29   -0.71 4.2853e-004 2.9320e+001  238.61  -16.63    1.85   5.10   5.72   6.08  16.43   8.88   1.53   1.38  14.91  11.74  314.94  309.50   0
      0.00   57.500  40.00000 -105.27000 4.4480e-004 3.1689e+001  248.42    3.13   -0.70 4.4461e-004 3.1075e+001  243.72  -23.09   -2.52   5.02   5.70   6.09  16.23   8.77   1.52   2.02  14.70  11.59  315.82  312.81   0
      0.00   57.000  40.00000 -105.27000 4.7338e-004 3.3914e+001  249.77    2.97   -0.69 4.6865e-004 3.3139e+001  246.53  -15.44   -1.13   4.94   5.68   6.10  16.03   8.66   1.50   2.43  14.49  11.45  316.70  314.64   0
      0.00   56.500  40.00000 -105.27000 5.0363e-004 3.6281e+001  251.11    2.81   -0.68 4.9238e-004 3.5187e+001  249.11  -12.04   -2.06   4.85   5.66   6.10  15.83   8.54   1.48   2.17  14.29  11.30  317.57  316.30   0
      0.00   56.000  40.00000 -105.27000 5.3563e-004 3.8798e+001  252.46    2.65   -0.67 5.2395e-004 3.7660e+001  250.51   -6.99    1.81   4.77   5.64   6.11  15.62   8.43   1.46   0.95  14.07  11.16  318.45  317.22   0
      0.00   55.500  40.00000 -105.27000 5.6946e-004 4.1475e+001  253.80    2.49   -0.66 5.5657e-004 4.0389e+001  252.88   -7.69    3.99   4.69   5.62   6.12  15.41   8.32   1.44   1.67  13.86  11.01  319.32  318.74   0
      0.00   55.000  40.00000 -105.27000 6.0522e-004 4.4319e+001  255.14    2.33   -0.65 5.9948e-004 4.3259e+001  251.43   -1.73    5.44   4.60   5.60   6.12  15.20   8.20   1.42   0.25  13.65  10.85  320.19  317.85   0
      0.00   54.500  40.00000 -105.27000 6.4391e-004 4.7321e+001  256.09    2.20   -0.64 6.4368e-004 4.6361e+001  250.99   -1.06    5.17   4.56   5.52   6.03  15.10   8.05   1.39   0.27  13.51  10.76  320.76  317.55   0
      0.00   54.000  40.00000 -105.27000 6.8493e-004 5.0514e+001  257.04    2.07   -0.63 6.7277e-004 4.9201e+001  254.89   -7.39    5.03   4.52   5.43   5.93  15.01   7.89   1.37   0.62  13.36  10.65  321.33  319.98   0
      0.00   53.500  40.00000 -105.27000 7.2839e-004 5.3909e+001  257.99    1.94   -0.63 7.1590e-004 5.2498e+001  255.62   -6.05    4.98   4.48   5.35   5.83  14.91   7.73   1.34   1.58  13.22  10.55  321.89  320.41   0
      0.00   53.000  40.00000 -105.27000 7.7443e-004 5.7519e+001  258.94    1.82   -0.62 7.6120e-004 5.6094e+001  256.92   -8.81    2.54   4.44   5.26   5.73  14.81   7.57   1.31   0.65  13.08  10.45  322.46  321.20   0
      0.00   52.500  40.00000 -105.27000 8.2321e-004 6.1356e+001  259.89    1.69   -0.61 8.1610e-004 6.0078e+001  256.69    0.12    3.15   4.40   5.17   5.63  14.71   7.40   1.28   0.99  12.93  10.35  323.03  321.03   0
      0.00   52.000  40.00000 -105.27000 8.7485e-004 6.5434e+001  260.84    1.56   -0.60 8.7301e-004 6.4467e+001  257.53   -5.06    3.88   4.36   5.08   5.51  14.61   7.23   1.26   1.73  12.79  10.24  323.59  321.53   0
      0.00   51.500  40.00000 -105.27000 9.2954e-004 6.9766e+001  261.79    1.44   -0.60 9.2121e-004 6.8794e+001  260.47   -1.71    4.46   4.32   4.99   5.40  14.51   7.05   1.23   1.61  12.64  10.14  324.15  323.34   0
      0.00   51.000  40.00000 -105.27000 9.8743e-004 7.4368e+001  262.74    1.31   -0.59 9.7473e-004 7.3244e+001  262.14  -13.24    2.64   4.28   4.89   5.28  14.41   6.87   1.20   1.02  12.50  10.03  324.72  324.35   0
      0.00   50.500  40.00000 -105.27000 1.0487e-003 7.9255e+001  263.69    1.18   -0.58 1.0285e-003 7.7950e+001  264.44   -9.02    0.70   4.24   4.80   5.16  14.30   6.69   1.18   0.81  12.35   9.92  325.28  325.74   0
      0.00   50.000  40.00000 -105.27000 1.1135e-003 8.4444e+001  264.64    1.05   -0.57 1.1039e-003 8.3502e+001  263.97    1.78   -3.90   4.20   4.70   5.03  14.20   6.50   1.15   0.14  12.21   9.82  325.84  325.43   0
      0.00   49.500  40.00000 -105.27000 1.1870e-003 8.9959e+001  264.44    0.95   -0.56 1.1679e-003 8.8829e+001  265.40   -4.14   -3.32   4.15   4.66   4.97  14.08   6.45   1.12   0.67  12.10   9.74  325.73  326.32   0
      0.00   49.000  40.00000 -105.27000 1.2654e-003 9.5837e+001  264.25    0.84   -0.55 1.2359e-003 9.4234e+001  266.03   -4.75   -7.96   4.10   4.62   4.92  13.97   6.40   1.10   1.12  11.99   9.66  325.62  326.72   0
      0.00   48.500  40.00000 -105.27000 1.3491e-003 1.0210e+002  264.06    0.73   -0.54 1.3339e-003 1.0092e+002  263.98    5.39   -7.30   4.06   4.58   4.86  13.85   6.35   1.07   0.75  11.89   9.58  325.51  325.46   0
      0.00   48.000  40.00000 -105.27000 1.4384e-003 1.0879e+002  263.86    0.62   -0.52 1.4246e-003 1.0775e+002  263.88    5.36   -6.86   4.01   4.54   4.81  13.73   6.30   1.05   0.89  11.78   9.50  325.40  325.41   0
      0.00   47.500  40.00000 -105.27000 1.5336e-003 1.1591e+002  263.67    0.52   -0.51 1.5266e-003 1.1525e+002  263.37    1.12   -4.90   3.96   4.50   4.75  13.61   6.25   1.02   1.04  11.68   9.42  325.29  325.11   0
      0.00   47.000  40.00000 -105.27000 1.6352e-003 1.2351e+002  263.48    0.41   -0.50 1.6180e-003 1.2261e+002  264.35    1.05   -6.81   3.91   4.46   4.70  13.49   6.20   0.99   1.03  11.57   9.33  325.18  325.72   0
      0.00   46.500  40.00000 -105.27000 1.7437e-003 1.3161e+002  263.29    0.30   -0.49 1.7445e-003 1.3148e+002  262.90   -0.73   -8.28   3.86   4.42   4.64  13.37   6.15   0.97  -0.00  11.46   9.25  325.07  324.84   0
      0.00   46.000  40.00000 -105.27000 1.8594e-003 1.4026e+002  263.09    0.19   -0.47 1.8396e-003 1.3962e+002  264.72   -3.95   -5.98   3.81   4.38   4.58  13.25   6.10   0.94   0.76  11.36   9.17  324.96  325.96   0
      0.00   45.500  40.00000 -105.27000 1.9830e-003 1.4947e+002  262.90    0.09   -0.46 1.9842e-003 1.4975e+002  263.23   -8.55   -8.73   3.75   4.34   4.52  13.12   6.05   0.92   1.07  11.25   9.08  324.85  325.06   0
      0.00   45.000  40.00000 -105.27000 2.1148e-003 1.5930e+002  262.71   -0.02   -0.45 2.1375e-003 1.6060e+002  262.02  -12.94   -2.77   3.70   4.30   4.47  13.00   6.00   0.89   1.37  11.15   9.00  324.74  324.32   0
      0.00   44.500  40.00000 -105.27000 2.2632e-003 1.6984e+002  261.71   -0.02   -0.44 2.2778e-003 1.7122e+002  262.12   -5.32   -3.76   3.64   4.24   4.42  12.79   5.90   0.88   1.49  10.96   8.85  324.14  324.40   0
      0.00   44.000  40.00000 -105.27000 2.4226e-003 1.8113e+002  260.71   -0.01   -0.43 2.4143e-003 1.8195e+002  262.78   -6.14   -4.32   3.59   4.19   4.38  12.57   5.80   0.86   0.25  10.78   8.70  323.53  324.82   0
      0.00   43.500  40.00000 -105.27000 2.5939e-003 1.9322e+002  259.71   -0.00   -0.42 2.5563e-003 1.9298e+002  263.21   -5.55   -3.98   3.53   4.13   4.34  12.36   5.69   0.85  -0.13  10.59   8.55  322.93  325.10   0
      0.00   43.000  40.00000 -105.27000 2.7781e-003 2.0616e+002  258.71    0.00   -0.41 2.7866e-003 2.0726e+002  259.30   -6.65   -5.89   3.47   4.07   4.30  12.13   5.59   0.83   0.06  10.40   8.39  322.32  322.69   0
      0.00   42.500  40.00000 -105.27000 2.9763e-003 2.2003e+002  257.71    0.01   -0.40 3.0031e-003 2.2214e+002  257.86   -9.35   -7.00   3.41   4.01   4.25  11.91   5.48   0.82   0.09  10.20   8.24  321.71  321.81   0
      0.00   42.000  40.00000 -105.27000 3.1894e-003 2.3489e+002  256.70    0.01   -0.39 3.2203e-003 2.3786e+002  257.46   -3.07   -6.63   3.35   3.95   4.21  11.67   5.37   0.81   0.24  10.00   8.08  321.10  321.57   0
      0.00   41.500  40.00000 -105.27000 3.4187e-003 2.5082e+002  255.70    0.02   -0.38 3.4804e-003 2.5523e+002  255.59   -5.37   -6.45   3.29   3.89   4.17  11.44   5.25   0.79  -0.31   9.80   7.91  320.49  320.41   0
      0.00   41.000  40.00000 -105.27000 3.6655e-003 2.6790e+002  254.70    0.02   -0.37 3.8464e-003 2.7579e+002  249.88   -5.93   -4.21   3.23   3.83   4.13  11.20   5.14   0.78   0.12   9.59   7.74  319.88  316.83   0
      0.00   40.500  40.00000 -105.27000 3.9312e-003 2.8621e+002  253.70    0.03   -0.36 4.1038e-003 2.9492e+002  250.43   -4.92   -4.77   3.17   3.76   4.09  10.95   5.02   0.76   0.57   9.38   7.57  319.26  317.20   0
      0.00   40.000  40.00000 -105.27000 4.2174e-003 3.0587e+002  252.70    0.03   -0.35 4.4275e-003 3.1631e+002  248.93   -3.93   -5.65   3.10   3.70   4.04  10.70   4.90   0.75  -0.05   9.16   7.40  318.64  316.26   0
      0.00   39.500  40.00000 -105.27000 4.5324e-003 3.2704e+002  251.41   -0.05   -0.34 4.7136e-003 3.3818e+002  249.98   -9.99   -7.02   3.04   3.62   4.05  10.51   4.83   0.74   0.10   9.00   7.27  317.83  316.93   0
      0.00   39.000  40.00000 -105.27000 4.8728e-003 3.4980e+002  250.12   -0.13   -0.33 5.0797e-003 3.6186e+002  248.20   -7.02   -8.09   2.97   3.54   4.05  10.31   4.77   0.73   0.15   8.85   7.14  317.02  315.80   0
      0.00   38.500  40.00000 -105.27000 5.2406e-003 3.7427e+002  248.83   -0.21   -0.33 5.4144e-003 3.8637e+002  248.63  -11.46   -9.23   2.91   3.45   4.06  10.12   4.70   0.71  -0.21   8.69   7.01  316.20  316.07   0
      0.00   38.000  40.00000 -105.27000 5.6384e-003 4.0060e+002  247.54   -0.29   -0.32 5.8226e-003 4.1323e+002  247.27   -5.78  -11.44   2.84   3.37   4.06   9.91   4.63   0.70  -0.34   8.52   6.88  315.39  315.21   0
      0.00   37.500  40.00000 -105.27000 6.0686e-003 4.2893e+002  246.25   -0.37   -0.31 6.2509e-003 4.4283e+002  246.81   -5.20  -11.60   2.77   3.28   4.06   9.71   4.56   0.69   0.51   8.36   6.74  314.57  314.93   0
      0.00   37.000  40.00000 -105.27000 6.5342e-003 4.5943e+002  244.96   -0.45   -0.30 6.6831e-003 4.7330e+002  246.73   -7.55   -9.07   2.70   3.19   4.07   9.50   4.49   0.68   0.60   8.19   6.60  313.74  314.88   0
      0.00   36.500  40.00000 -105.27000 7.0383e-003 4.9227e+002  243.67   -0.53   -0.30 7.1552e-003 5.0556e+002  246.16   -1.07   -8.87   2.63   3.10   4.07   9.28   4.42   0.67   0.65   8.02   6.46  312.92  314.51   0
      0.00   36.000  40.00000 -105.27000 7.5843e-003 5.2766e+002  242.38   -0.61   -0.29 7.7395e-003 5.4219e+002  244.06   -5.20   -9.07   2.56   3.00   4.07   9.06   4.35   0.65   0.96   7.85   6.32  312.09  313.17   0
      0.00   35.500  40.00000 -105.27000 8.1759e-003 5.6580e+002  241.09   -0.69   -0.28 8.3121e-003 5.8036e+002  243.24   -0.39   -7.79   2.48   2.90   4.08   8.83   4.28   0.64   0.39   7.67   6.17  311.26  312.65   0
      0.00   35.000  40.00000 -105.27000 8.8171e-003 6.0693e+002  239.80   -0.77   -0.27 9.0282e-003 6.2266e+002  240.27   -3.90   -5.20   2.40   2.80   4.08   8.60   4.20   0.63   1.26   7.49   6.02  310.43  310.73   0
      0.00   34.500  40.00000 -105.27000 9.5026e-003 6.5121e+002  238.74   -0.95   -0.23 9.7221e-003 6.6863e+002  239.59   -1.91   -3.60   2.31   2.70   3.97   8.34   4.10   0.62   0.88   7.29   5.84  309.74  310.30   0
      0.00   34.000  40.00000 -105.27000 1.0245e-002 6.9895e+002  237.68   -1.13   -0.19 1.0552e-002 7.1836e+002  237.17   -4.67   -2.52   2.21   2.59   3.87   8.06   4.00   0.61   0.67   7.09   5.66  309.06  308.73   0
      0.00   33.500  40.00000 -105.27000 1.1049e-002 7.5042e+002  236.62   -1.31   -0.14 1.1404e-002 7.7082e+002  235.47   -5.55   -0.71   2.11   2.48   3.76   7.78   3.90   0.60   0.60   6.90   5.47  308.36  307.61   0
      0.00   33.000  40.00000 -105.27000 1.1920e-002 8.0594e+002  235.56   -1.48   -0.10 1.2262e-002 8.2835e+002  235.35    0.23   -0.40   2.01   2.37   3.66   7.49   3.80   0.59   0.50   6.70   5.28  307.67  307.54   0
      0.00   32.500  40.00000 -105.27000 1.2864e-002 8.6585e+002  234.50   -1.66   -0.05 1.3243e-002 8.9126e+002  234.47   -2.05   -1.44   1.90   2.25   3.55   7.18   3.69   0.58   0.54   6.50   5.07  306.98  306.96   0
      0.00   32.000  40.00000 -105.27000 1.3887e-002 9.3051e+002  233.44   -1.84   -0.01 1.4351e-002 9.5701e+002  232.33    0.93   -4.30   1.78   2.12   3.44   6.86   3.58   0.57   0.03   6.30   4.86  306.28  305.55   0
      0.00   31.500  40.00000 -105.27000 1.4997e-002 1.0003e+003  232.38   -2.02    0.04 1.5519e-002 1.0276e+003  230.69   -2.64   -3.60   1.65   1.98   3.33   6.53   3.47   0.56  -0.65   6.09   4.64  305.58  304.47   0
      0.00   31.000  40.00000 -105.27000 1.6206e-002 1.0757e+003  231.26   -2.17    0.08 1.6634e-002 1.1026e+003  230.93   -3.25   -2.23   1.51   1.83   3.19   6.16   3.33   0.55  -0.82   5.86   4.36  304.84  304.63   0
      0.00   30.500  40.00000 -105.27000 1.7528e-002 1.1574e+003  230.05   -2.26    0.13 1.7913e-002 1.1814e+003  229.76   -3.36   -2.09   1.33   1.66   3.01   5.76   3.14   0.54  -0.70   5.57   4.00  304.05  303.86   0
      0.00   30.000  40.00000 -105.27000 1.8972e-002 1.2461e+003  228.83   -2.28    0.17 1.9396e-002 1.2692e+003  227.97   -0.43   -2.56   1.15   1.48   2.80   5.37   2.93   0.53  -0.33   5.28   3.61  303.24  302.67   0
      0.00   29.500  40.00000 -105.27000 2.0534e-002 1.3429e+003  227.84   -2.07    0.17 2.0918e-002 1.3677e+003  227.80    0.24   -2.31   1.09   1.44   2.62   5.19   2.76   0.52  -0.32   5.06   3.33  302.59  302.56   0
      0.00   29.000  40.00000 -105.27000 2.2235e-002 1.4478e+003  226.84   -1.89    0.18 2.2535e-002 1.4733e+003  227.76    1.13   -3.60   1.03   1.39   2.41   4.98   2.58   0.51  -0.21   4.87   3.04  301.93  302.54   0
      0.00   28.500  40.00000 -105.27000 2.4079e-002 1.5613e+003  225.87   -1.78    0.21 2.4092e-002 1.5865e+003  229.41    1.62   -2.42   0.96   1.34   2.20   4.75   2.40   0.51  -0.08   4.72   2.79  301.29  303.64   0
      0.00   28.000  40.00000 -105.27000 2.6070e-002 1.6836e+003  224.96   -1.73    0.25 2.6043e-002 1.7090e+003  228.59   -1.46   -1.31   0.89   1.28   2.00   4.51   2.25   0.50  -0.16   4.60   2.57  300.69  303.10   0
      0.00   27.500  40.00000 -105.27000 2.8214e-002 1.8152e+003  224.11   -1.74    0.30 2.8332e-002 1.8364e+003  225.77   -1.10   -1.65   0.82   1.23   1.82   4.27   2.12   0.49  -0.18   4.48   2.41  300.12  301.23   0
      0.00   27.000  40.00000 -105.27000 3.0517e-002 1.9567e+003  223.34   -1.80    0.34 3.0513e-002 1.9785e+003  225.86   -2.72   -1.76   0.77   1.19   1.70   4.05   2.03   0.48   0.63   4.34   2.28  299.61  301.30   0
      0.00   26.500  40.00000 -105.27000 3.3028e-002 2.1111e+003  222.65   -1.74    0.32 3.2947e-002 2.1331e+003  225.52    0.72   -2.21   0.77   1.16   1.67   3.93   2.01   0.47  -0.03   4.23   2.21  299.14  301.06   0
      0.00   26.000  40.00000 -105.27000 3.5759e-002 2.2787e+003  221.97   -1.64    0.29 3.5720e-002 2.3014e+003  224.43    1.84   -0.59   0.77   1.14   1.65   3.85   2.01   0.47  -0.03   4.13   2.16  298.69  300.33   0
      0.00   25.500  40.00000 -105.27000 3.8717e-002 2.4596e+003  221.30   -1.54    0.26 3.8629e-002 2.4821e+003  223.83   -1.77    0.42   0.76   1.11   1.64   3.76   2.00   0.46   1.15   4.03   2.10  298.23  299.93   0
      0.00   25.000  40.00000 -105.27000 4.1919e-002 2.6549e+003  220.62   -1.44    0.23 4.1894e-002 2.6774e+003  222.63   -1.07    1.67   0.75   1.09   1.62   3.68   2.00   0.45  -0.01   3.93   2.04  297.77  299.12   0
      0.00   24.500  40.00000 -105.27000 4.5387e-002 2.8656e+003  219.95   -1.33    0.19 4.5236e-002 2.8878e+003  222.39    4.22    2.28   0.74   1.06   1.61   3.60   2.00   0.45  -0.38   3.83   1.99  297.31  298.95   0
      0.00   24.000  40.00000 -105.27000 4.9182e-002 3.0952e+003  219.24   -1.17    0.20 4.9053e-002 3.1197e+003  221.55    4.28   -0.63   0.75   1.04   1.61   3.53   2.02   0.44  -0.75   3.77   1.95  296.83  298.39   0
      0.00   23.500  40.00000 -105.27000 5.3357e-002 3.3466e+003  218.50   -0.91    0.25 5.3464e-002 3.3672e+003  219.40    4.08   -1.42   0.79   1.04   1.65   3.49   2.08   0.44  -0.00   3.74   1.94  296.33  296.94   0
      0.00   23.000  40.00000 -105.27000 5.7888e-002 3.6183e+003  217.75   -0.65    0.30 5.7473e-002 3.6404e+003  220.66    3.58   -0.49   0.81   1.03   1.68   3.44   2.14   0.44  -0.06   3.72   1.93  295.82  297.79   0
      0.00   22.500  40.00000 -105.27000 6.2804e-002 3.9122e+003  217.01   -0.39    0.35 6.2512e-002 3.9380e+003  219.46    5.73   -0.15   0.83   1.01   1.72   3.40   2.20   0.44  -0.37   3.69   1.92  295.31  296.98   0
      0.00   22.000  40.00000 -105.27000 6.8138e-002 4.2299e+003  216.26   -0.13    0.40 6.7999e-002 4.2581e+003  218.15    8.31    0.22   0.84   1.00   1.75   3.35   2.26   0.43  -0.53   3.67   1.92  294.80  296.09   0
      0.00   21.500  40.00000 -105.27000 7.3926e-002 4.5734e+003  215.52    0.13    0.45 7.3761e-002 4.5982e+003  217.17    3.37    0.57   0.84   0.98   1.79   3.31   2.32   0.43   0.24   3.65   1.91  294.30  295.42   0
      0.00   21.000  40.00000 -105.27000 8.0207e-002 4.9448e+003  214.77    0.39    0.50 7.9752e-002 4.9689e+003  217.05    0.52    2.57   0.84   0.95   1.82   3.26   2.38   0.43   0.22   3.62   1.90  293.79  295.34   0
      0.00   20.500  40.00000 -105.27000 8.7198e-002 5.3533e+003  213.87    1.06    0.56 8.6563e-002 5.3770e+003  216.40    4.21    1.62   0.91   0.97   1.91   3.35   2.65   0.42  -0.08   4.05   2.09  293.17  294.90   0
      0.00   20.000  40.00000 -105.27000 9.4830e-002 5.7968e+003  212.95    1.79    0.63 9.4234e-002 5.8081e+003  214.71    6.97    0.77   0.97   0.98   2.02   3.47   2.96   0.42   0.10   4.55   2.32  292.54  293.75   0
      0.00   19.500  40.00000 -105.27000 1.0313e-001 6.2770e+003  212.02    2.53    0.70 1.0247e-001 6.2904e+003  213.84    6.50    2.82   1.02   0.99   2.12   3.58   3.27   0.43  -0.00   5.04   2.55  291.91  293.16   0
      0.00   19.000  40.00000 -105.27000 1.1216e-001 6.7969e+003  211.09    3.27    0.76 1.0944e-001 6.8048e+003  216.59    8.89    4.70   1.06   0.99   2.22   3.70   3.58   0.44  -0.66   5.54   2.77  291.27  295.04   0
      0.00   18.500  40.00000 -105.27000 1.2208e-001 7.3684e+003  210.26    4.55    0.78 1.2069e-001 7.3739e+003  212.83   11.39    4.51   1.18   1.04   2.41   4.05   4.07   0.45  -0.17   6.71   3.23  290.69  292.46   0
      0.00   18.000  40.00000 -105.27000 1.3294e-001 7.9933e+003  209.47    6.15    0.77 1.3152e-001 7.9860e+003  211.55   11.82    5.45   1.34   1.10   2.66   4.54   4.67   0.46   0.26   8.26   3.81  290.13  291.57   0
      0.00   17.500  40.00000 -105.27000 1.4477e-001 8.6713e+003  208.68    7.75    0.76 1.4378e-001 8.6550e+003  209.73   11.31    5.03   1.46   1.14   2.90   5.03   5.27   0.46  -0.12   9.81   4.40  289.57  290.30   0
      0.00   17.000  40.00000 -105.27000 1.5766e-001 9.4067e+003  207.90    9.35    0.75 1.5524e-001 9.3909e+003  210.79   12.29    2.36   1.56   1.17   3.15   5.52   5.86   0.47   0.04  11.36   4.99  289.02  291.02   0
      0.00   16.500  40.00000 -105.27000 1.7130e-001 1.0204e+004  207.58   11.02    0.75 1.6838e-001 1.0184e+004  210.76   12.52    3.22   1.61   1.22   3.32   6.13   6.53   0.48  -0.03  13.05   5.66  288.78  290.99   0
      0.00   16.000  40.00000 -105.27000 1.8484e-001 1.1069e+004  208.66   12.93    0.81 1.8073e-001 1.1049e+004  213.02   11.81    4.27   1.59   1.34   3.29   7.11   7.39   0.49   0.03  15.17   6.56  289.54  292.55   0
      0.00   15.500  40.00000 -105.27000 1.9945e-001 1.2006e+004  209.74   14.84    0.86 1.9652e-001 1.1957e+004  212.01   15.83    0.31   1.58   1.43   3.26   8.08   8.25   0.50   0.26  17.29   7.47  290.30  291.86   0
      0.00   15.000  40.00000 -105.27000 2.1522e-001 1.3022e+004  210.82   16.76    0.92 2.1058e-001 1.2952e+004  214.31   13.08    4.16   1.55   1.50   3.23   9.06   9.11   0.51   0.20  19.41   8.37  291.05  293.45   0
      0.00   14.500  40.00000 -105.27000 2.3224e-001 1.4125e+004  211.90   18.67    0.97 2.2840e-001 1.4041e+004  214.18   18.96    1.07   1.52   1.55   3.20  10.03   9.98   0.52   0.15  21.53   9.27  291.80  293.37   0
      0.00   14.000  40.00000 -105.27000 2.5018e-001 1.5310e+004  213.21   20.17    1.06 2.4434e-001 1.5188e+004  216.57   22.62   -1.45   1.50   1.59   3.18  10.95  10.81   0.53   0.05  23.30  10.09  292.70  295.00   0
      0.00   13.500  40.00000 -105.27000 2.6819e-001 1.6561e+004  215.15   20.51    1.23 2.6182e-001 1.6388e+004  218.08   30.91   -4.47   1.49   1.62   3.18  11.71  11.55   0.55  -0.23  24.08  10.65  294.03  296.03   0
      0.00   13.000  40.00000 -105.27000 2.8750e-001 1.7913e+004  217.09   20.85    1.41 2.7957e-001 1.7707e+004  220.68   28.19   -2.33   1.48   1.63   3.18  12.46  12.29   0.56  -0.04  24.86  11.21  295.35  297.78   0
      0.00   12.500  40.00000 -105.27000 3.0821e-001 1.9375e+004  219.03   21.19    1.58 2.9969e-001 1.9131e+004  222.41   23.83    8.81   1.46   1.64   3.17  13.22  13.04   0.57   0.05  25.64  11.77  296.66  298.95   0
      0.00   12.000  40.00000 -105.27000 3.2946e-001 2.0929e+004  221.33   20.76    1.69 3.2195e-001 2.0668e+004  223.67   27.77    4.61   1.42   1.61   3.13  13.53  13.43   0.58   0.00  25.57  11.99  298.22  299.79   0
      0.00   11.500  40.00000 -105.27000 3.5148e-001 2.2586e+004  223.89   19.81    1.74 3.4464e-001 2.2304e+004  225.48   28.58    4.56   1.36   1.57   3.06  13.54  13.59   0.59   0.20  24.92  11.96  299.94  301.00   0
      0.00   11.000  40.00000 -105.27000 3.7498e-001 2.4372e+004  226.45   18.87    1.79 3.6778e-001 2.4030e+004  227.65   30.55    6.39   1.31   1.52   2.99  13.54  13.75   0.61   0.32  24.27  11.94  301.65  302.45   0
      0.00   10.500  40.00000 -105.27000 3.9833e-001 2.6256e+004  229.65   17.73    1.72 3.9255e-001 2.5888e+004  229.77   24.78    5.90   1.27   1.45   2.92  13.12  13.48   0.62   0.75  23.15  11.64  303.77  303.85   0
      0.00   10.000  40.00000 -105.27000 4.2223e-001 2.8258e+004  233.17   16.50    1.59 4.1748e-001 2.7850e+004  232.42   20.74    7.49   1.22   1.38   2.85  12.47  13.01   0.63   0.21  21.78  11.19  306.10  305.60   0
      0.00    9.500  40.00000 -105.27000 4.4723e-001 3.0390e+004  236.73   15.32    1.45 4.4384e-001 2.9958e+004  235.15   20.64    6.39   1.18   1.30   2.79  11.81  12.50   0.66   0.26  20.43  10.72  308.43  307.40   0
      0.00    9.000  40.00000 -105.27000 4.7219e-001 3.2597e+004  240.48   14.33    1.30 4.6964e-001 3.2160e+004  238.55   18.16   10.06   1.17   1.21   2.80  11.09  11.80   0.70   0.25  19.15  10.09  310.88  309.63   0
      0.00    8.500  40.00000 -105.27000 4.9854e-001 3.4956e+004  244.24   13.34    1.15 4.9609e-001 3.4523e+004  242.40   15.38    3.70   1.16   1.13   2.81  10.36  11.10   0.73   0.37  17.87   9.47  313.31  312.13   0
      0.00    8.000  40.00000 -105.27000 5.2637e-001 3.7478e+004  247.99   12.36    0.99 5.2450e-001 3.7036e+004  245.94   16.43    2.68   1.15   1.06   2.81   9.64  10.41   0.77   0.76  16.60   8.85  315.72  314.41   0
      0.00    7.500  40.00000 -105.27000 5.5570e-001 4.0165e+004  251.72   11.38    0.84 5.5579e-001 3.9728e+004  248.94   11.05   -0.12   1.14   0.99   2.82   8.92   9.71   0.80   0.84  15.34   8.23  318.10  316.34   0
      0.00    7.000  40.00000 -105.27000 5.8580e-001 4.2919e+004  255.12   10.63    0.74 5.8679e-001 4.2482e+004  252.09    9.32   -0.66   1.10   0.92   2.77   8.26   9.04   0.83   1.24  14.30   7.63  320.27  318.36   0
      0.00    6.500  40.00000 -105.27000 6.1753e-001 4.5855e+004  258.52    9.87    0.63 6.1676e-001 4.5437e+004  256.48    6.84    1.52   1.07   0.85   2.73   7.60   8.36   0.87   0.46  13.25   7.04  322.42  321.15   0
      0.00    6.000  40.00000 -105.27000 6.5099e-001 4.8984e+004  261.92    9.12    0.53 6.5461e-001 4.8586e+004  258.35    6.05    2.62   1.04   0.80   2.68   6.94   7.68   0.90   0.38  12.21   6.44  324.57  322.35   0
      0.00    5.500  40.00000 -105.27000 6.8516e-001 5.2242e+004  265.34    8.37    0.45 6.8999e-001 5.1864e+004  261.58    5.01    2.00   1.07   0.74   2.77   6.27   7.06   0.94  -0.06  11.21   5.83  326.72  324.40   0
      0.00    5.000  40.00000 -105.27000 7.2062e-001 5.5673e+004  268.78    7.63    0.40 7.2615e-001 5.5331e+004  265.09    4.50    0.60   1.12   0.68   2.90   5.59   6.47   0.97   0.61  10.23   5.20  328.88  326.62   0
      0.00    4.500  40.00000 -105.27000 7.5791e-001 5.9320e+004  272.21    6.89    0.34 7.6645e-001 5.9006e+004  267.76    3.37    0.01   1.16   0.63   3.04   4.91   5.87   1.01   0.22   9.25   4.57  331.02  328.30   0
      0.00    4.000  40.00000 -105.27000 7.9521e-001 6.3101e+004  275.90    5.89    0.52 8.0550e-001 6.2785e+004  271.01    4.74    0.53   1.29   0.58   3.45   4.34   5.41   1.04   0.61   8.18   4.10  333.30  330.34   0
      0.00    3.500  40.00000 -105.27000 8.3389e-001 6.7088e+004  279.64    4.83    0.75 8.4967e-001 6.6811e+004  273.31    2.05    1.78   1.44   0.53   3.91   3.81   4.97   1.05   0.75   7.09   3.65  335.61  331.79   0
      0.00    3.000  40.00000 -105.27000 8.7485e-001 7.1278e+004  283.11    3.48    0.86 8.8956e-001 7.1056e+004  277.56    0.13    3.24   1.69   0.49   4.61   3.34   4.43   1.05   0.74   5.92   3.17  337.73  334.41   0
      0.00    2.500  40.00000 -105.27000 9.1875e-001 7.5629e+004  285.96    1.45    0.68 9.4071e-001 7.5478e+004  278.73   -0.46    1.05   2.18   0.48   5.84   3.04   3.63   0.49   0.09   4.54   2.60  339.48  335.15   0
      0.00    2.000  40.00000 -105.27000 9.6405e-001 8.0244e+004  289.03    0.09    0.69 9.8215e-001 8.0128e+004  283.30   -2.07   -0.61   2.41   0.47   6.59   2.80   3.23   0.49   0.08   3.72   2.28  341.37  337.96   0
      0.00    1.500  40.00000 -105.27000 1.0101e+000 8.5140e+004  292.49    0.15    1.15 1.0263e+000 8.5003e+004  287.42   -0.69   -4.61   2.18   0.47   6.38   2.60   3.52   0.49   0.43   3.88   2.35  343.52  340.53   0
      0.00    1.000  40.00000 -105.27000 1.0600e+000 9.0292e+004  295.47    0.15    0.91 1.0684e+000 9.0245e+004  293.00   -2.32   -3.05   2.24   0.49   6.57   2.40   3.13   0.49   0.20   3.46   2.11  345.33  343.89   0
      0.00    0.500  40.00000 -105.27000 1.1117e+000 9.5753e+004  298.52    0.32    0.82 1.1342e+000 9.5753e+004  292.61   -2.63   -3.60   2.26   0.50   6.67   2.32   2.99   0.49   0.93   3.30   2.03  347.25  343.80   0
      0.00    0.000  40.00000 -105.27000 1.1656e+000 1.0154e+005  301.62    0.63    0.84 1.1751e+000 1.0162e+005  299.38   -1.76   -0.83   2.37   0.55   6.65   2.31   3.00   0.49  -0.57   3.31   2.06  349.24  347.94   0
