     Time  HgtMOLA LatPC   LonE    Denkgm3   Temp  EWind  NWind  sigD  Ls   Dust  LTST CO2%m  N2%m  Ar%m  O2%m  CO%m   O%m  He%m  H2%m   H%m H2O%m  DensP
        0.   0.00  18.44   77.45 1.466E-02  214.1    5.4    9.2   2.0   5.5 0.31  7.25 96.59  1.74  1.49  0.09  0.06  0.00  0.00  0.00  0.00  0.02  1.045
        0.   0.50  18.44   77.45 1.394E-02  214.9    6.3    9.0   2.0   5.5 0.31  7.25 96.59  1.74  1.49  0.09  0.06  0.00  0.00  0.00  0.00  0.02  1.044
        0.   1.00  18.44   77.45 1.327E-02  215.7    7.0    8.9   2.0   5.5 0.31  7.25 96.58  1.74  1.49  0.09  0.06  0.00  0.00  0.00  0.00  0.02  1.033
        0.   1.50  18.44   77.45 1.274E-02  215.0    8.8    8.2   2.0   5.5 0.31  7.25 96.59  1.74  1.49  0.09  0.06  0.00  0.00  0.00  0.00  0.02  1.044
        0.   2.00  18.44   77.45 1.223E-02  214.2   10.6    7.6   2.0   5.5 0.31  7.25 96.59  1.74  1.49  0.09  0.06  0.00  0.00  0.00  0.00  0.02  1.044
        0.   2.50  18.44   77.45 1.171E-02  213.5   12.0    6.8   2.0   5.5 0.31  7.25 96.59  1.74  1.49  0.09  0.06  0.00  0.00  0.00  0.00  0.02  1.042
        0.   3.00  18.44   77.45 1.122E-02  212.8   13.4    6.1   2.0   5.5 0.31  7.25 96.59  1.74  1.49  0.09  0.06  0.00  0.00  0.00  0.00  0.02  1.023
        0.   3.50  18.44   77.45 1.073E-02  212.2   14.4    5.2   2.0   5.5 0.31  7.25 96.59  1.74  1.49  0.09  0.06  0.00  0.00  0.00  0.00  0.02  1.024
        0.   4.00  18.44   77.45 1.027E-02  211.5   15.5    4.2   2.0   5.5 0.31  7.25 96.59  1.74  1.49  0.09  0.06  0.00  0.00  0.00  0.00  0.02  1.009
        0.   4.50  18.44   77.45 9.820E-03  211.0   16.6    4.1   2.0   5.5 0.31  7.25 96.59  1.74  1.49  0.09  0.06  0.00  0.00  0.00  0.00  0.02  1.005
        0.   5.00  18.44   77.45 9.393E-03  210.6   17.6    4.0   2.0   5.5 0.31  7.25 96.59  1.74  1.49  0.09  0.06  0.00  0.00  0.00  0.00  0.02  1.008
        0.   5.50  18.44   77.45 8.985E-03  210.0   18.9    4.0   2.0   5.5 0.31  7.25 96.59  1.74  1.49  0.09  0.06  0.00  0.00  0.00  0.00  0.02  1.005
        0.   6.00  18.44   77.45 8.594E-03  209.3   20.2    3.9   2.0   5.5 0.31  7.25 96.59  1.74  1.49  0.09  0.06  0.00  0.00  0.00  0.00  0.02  1.006
        0.   6.50  18.44   77.45 8.223E-03  208.7   21.0    3.7   2.1   5.5 0.31  7.25 96.59  1.74  1.49  0.09  0.06  0.00  0.00  0.00  0.00  0.01  1.013
        0.   7.00  18.44   77.45 7.868E-03  208.0   21.8    3.4   2.1   5.5 0.31  7.25 96.59  1.74  1.49  0.09  0.06  0.00  0.00  0.00  0.00  0.01  1.010
        0.   7.50  18.44   77.45 7.530E-03  207.3   23.4    3.5   2.1   5.5 0.31  7.25 96.59  1.74  1.49  0.09  0.06  0.00  0.00  0.00  0.00  0.01  1.005
        0.   8.00  18.44   77.45 7.206E-03  206.6   24.9    3.6   2.2   5.5 0.31  7.25 96.59  1.74  1.49  0.09  0.06  0.00  0.00  0.00  0.00  0.01  0.994
        0.   8.50  18.44   77.45 6.897E-03  205.8   26.5    3.5   2.2   5.5 0.31  7.25 96.60  1.74  1.49  0.09  0.06  0.00  0.00  0.00  0.00  0.01  0.993
        0.   9.00  18.44   77.45 6.602E-03  204.9   28.0    3.4   2.2   5.5 0.31  7.25 96.60  1.74  1.49  0.09  0.06  0.00  0.00  0.00  0.00  0.01  0.996
        0.   9.50  18.44   77.45 6.318E-03  204.0   29.1    2.9   2.3   5.5 0.31  7.25 96.60  1.74  1.49  0.09  0.06  0.00  0.00  0.00  0.00  0.01  0.991
        0.  10.00  18.44   77.45 6.047E-03  203.1   30.1    2.4   2.3   5.5 0.31  7.25 96.60  1.74  1.49  0.09  0.06  0.00  0.00  0.00  0.00  0.01  0.993
        0.  10.50  18.44   77.45 5.785E-03  202.0   31.1    1.9   2.3   5.5 0.31  7.25 96.60  1.74  1.49  0.09  0.06  0.00  0.00  0.00  0.00  0.01  0.993
        0.  11.00  18.44   77.45 5.535E-03  200.8   32.1    1.3   2.4   5.5 0.31  7.25 96.60  1.74  1.49  0.09  0.06  0.00  0.00  0.00  0.00  0.01  0.999
        0.  11.50  18.44   77.45 5.295E-03  199.6   33.1    0.7   2.4   5.5 0.31  7.25 96.60  1.74  1.49  0.09  0.06  0.00  0.00  0.00  0.00  0.01  0.985
        0.  12.00  18.44   77.45 5.067E-03  198.4   34.1    0.1   2.4   5.5 0.31  7.25 96.60  1.74  1.49  0.09  0.06  0.00  0.00  0.00  0.00  0.01  0.984
        0.  12.50  18.44   77.45 4.848E-03  197.2   35.1   -0.5   2.5   5.5 0.31  7.25 96.60  1.74  1.49  0.09  0.06  0.00  0.00  0.00  0.00  0.00  0.960
        0.  13.00  18.44   77.45 4.639E-03  196.0   36.1   -1.1   2.5   5.5 0.31  7.25 96.60  1.74  1.49  0.09  0.06  0.00  0.00  0.00  0.00  0.00  0.962
        0.  13.50  18.44   77.45 4.439E-03  194.8   37.1   -1.7   2.5   5.5 0.31  7.25 96.60  1.74  1.49  0.09  0.06  0.00  0.00  0.00  0.00  0.00  0.983
        0.  14.00  18.44   77.45 4.248E-03  193.6   38.1   -2.3   2.6   5.5 0.31  7.25 96.60  1.74  1.49  0.09  0.06  0.00  0.00  0.00  0.00  0.00  0.979
        0.  14.50  18.44   77.45 4.065E-03  192.4   39.2   -2.9   2.6   5.5 0.31  7.25 96.60  1.74  1.49  0.09  0.06  0.00  0.00  0.00  0.00  0.00  0.981
        0.  15.00  18.44   77.45 3.891E-03  191.2   40.2   -3.5   2.6   5.5 0.31  7.25 96.60  1.74  1.49  0.09  0.06  0.00  0.00  0.00  0.00  0.00  0.988
        0.  15.50  18.44   77.45 3.712E-03  190.1   40.7   -3.9   2.7   5.5 0.31  7.25 96.60  1.74  1.49  0.09  0.06  0.00  0.00  0.00  0.00  0.00  0.988
        0.  16.00  18.44   77.45 3.541E-03  188.9   41.3   -4.3   2.7   5.5 0.31  7.25 96.61  1.74  1.49  0.09  0.06  0.00  0.00  0.00  0.00  0.00  0.992
        0.  16.50  18.44   77.45 3.379E-03  187.8   41.9   -4.7   2.8   5.5 0.31  7.25 96.61  1.74  1.49  0.09  0.06  0.00  0.00  0.00  0.00  0.00  0.989
        0.  17.00  18.44   77.45 3.224E-03  186.7   42.5   -5.1   2.8   5.5 0.31  7.25 96.61  1.74  1.49  0.09  0.06  0.00  0.00  0.00  0.00  0.00  0.996
        0.  17.50  18.44   77.45 3.076E-03  185.5   43.1   -5.5   2.8   5.5 0.31  7.25 96.61  1.74  1.49  0.09  0.06  0.00  0.00  0.00  0.00  0.00  1.007
        0.  18.00  18.44   77.45 2.935E-03  184.4   43.7   -6.0   2.9   5.5 0.31  7.25 96.61  1.74  1.49  0.09  0.06  0.00  0.00  0.00  0.00  0.00  1.007
        0.  18.50  18.44   77.45 2.801E-03  183.2   44.3   -6.4   2.9   5.5 0.31  7.25 96.61  1.74  1.49  0.09  0.06  0.00  0.00  0.00  0.00  0.00  1.017
        0.  19.00  18.44   77.45 2.672E-03  182.1   44.9   -6.8   3.0   5.5 0.31  7.25 96.61  1.74  1.49  0.09  0.06  0.00  0.00  0.00  0.00  0.00  1.010
        0.  19.50  18.44   77.45 2.550E-03  180.9   45.5   -7.2   3.0   5.5 0.31  7.25 96.61  1.74  1.49  0.09  0.06  0.00  0.00  0.00  0.00  0.00  1.013
        0.  20.00  18.44   77.45 2.434E-03  179.8   46.1   -7.6   3.1   5.5 0.31  7.25 96.61  1.74  1.49  0.09  0.06  0.00  0.00  0.00  0.00  0.00  1.009
        0.  20.50  18.44   77.45 2.313E-03  178.9   45.7   -7.5   3.1   5.5 0.31  7.25 96.61  1.74  1.49  0.09  0.06  0.00  0.00  0.00  0.00  0.00  1.003
        0.  21.00  18.44   77.45 2.198E-03  178.1   45.4   -7.3   3.1   5.5 0.31  7.25 96.61  1.74  1.49  0.09  0.06  0.00  0.00  0.00  0.00  0.00  1.015
        0.  21.50  18.44   77.45 2.089E-03  177.2   45.0   -7.2   3.2   5.5 0.31  7.25 96.61  1.74  1.49  0.09  0.06  0.00  0.00  0.00  0.00  0.00  1.002
        0.  22.00  18.44   77.45 1.985E-03  176.3   44.7   -7.0   3.2   5.5 0.31  7.25 96.61  1.74  1.49  0.09  0.06  0.00  0.00  0.00  0.00  0.00  1.022
        0.  22.50  18.44   77.45 1.887E-03  175.5   44.4   -6.9   3.3   5.5 0.31  7.25 96.61  1.74  1.49  0.09  0.06  0.00  0.00  0.00  0.00  0.00  1.037
        0.  23.00  18.44   77.45 1.793E-03  174.6   44.0   -6.7   3.3   5.5 0.31  7.25 96.61  1.74  1.49  0.09  0.06  0.00  0.00  0.00  0.00  0.00  1.025
        0.  23.50  18.44   77.45 1.704E-03  173.7   43.7   -6.6   3.4   5.5 0.31  7.25 96.61  1.74  1.49  0.09  0.06  0.00  0.00  0.00  0.00  0.00  0.999
        0.  24.00  18.44   77.45 1.620E-03  172.8   43.3   -6.4   3.4   5.5 0.31  7.25 96.61  1.74  1.49  0.09  0.06  0.00  0.00  0.00  0.00  0.00  0.983
        0.  24.50  18.44   77.45 1.540E-03  172.0   43.0   -6.3   3.5   5.5 0.31  7.25 96.61  1.74  1.49  0.09  0.06  0.00  0.00  0.00  0.00  0.00  0.981
        0.  25.00  18.44   77.45 1.464E-03  171.1   42.7   -6.1   3.5   5.5 0.31  7.25 96.61  1.74  1.49  0.09  0.06  0.00  0.00  0.00  0.00  0.00  0.981
        0.  25.50  18.44   77.45 1.386E-03  170.4   42.1   -5.3   3.6   5.5 0.31  7.25 96.61  1.74  1.49  0.09  0.06  0.00  0.00  0.00  0.00  0.00  0.983
        0.  26.00  18.44   77.45 1.313E-03  169.6   41.6   -4.4   3.6   5.5 0.31  7.25 96.61  1.74  1.49  0.09  0.06  0.00  0.00  0.00  0.00  0.00  0.984
        0.  26.50  18.44   77.45 1.244E-03  168.9   41.0   -3.5   3.7   5.5 0.31  7.25 96.61  1.74  1.49  0.09  0.06  0.00  0.00  0.00  0.00  0.00  0.987
        0.  27.00  18.44   77.45 1.178E-03  168.1   40.5   -2.7   3.7   5.5 0.31  7.25 96.61  1.74  1.49  0.09  0.06  0.00  0.00  0.00  0.00  0.00  0.952
        0.  27.50  18.44   77.45 1.116E-03  167.4   39.9   -1.8   3.8   5.5 0.31  7.25 96.61  1.74  1.49  0.09  0.06  0.00  0.00  0.00  0.00  0.00  0.947
        0.  28.00  18.44   77.45 1.057E-03  166.6   39.4   -0.9   3.8   5.5 0.31  7.25 96.61  1.74  1.49  0.09  0.06  0.00  0.00  0.00  0.00  0.00  0.971
        0.  28.50  18.44   77.45 1.001E-03  165.9   38.8   -0.0   3.9   5.5 0.31  7.25 96.61  1.74  1.49  0.09  0.06  0.00  0.00  0.00  0.00  0.00  0.955
        0.  29.00  18.44   77.45 9.483E-04  165.1   38.3    0.8   3.9   5.5 0.31  7.25 96.61  1.74  1.49  0.09  0.06  0.00  0.00  0.00  0.00  0.00  0.963
        0.  29.50  18.44   77.45 8.984E-04  164.4   37.7    1.7   4.0   5.5 0.31  7.25 96.61  1.74  1.49  0.09  0.06  0.00  0.00  0.00  0.00  0.00  0.952
        0.  30.00  18.44   77.45 8.510E-04  163.7   37.2    2.6   4.1   5.5 0.31  7.25 96.61  1.74  1.49  0.09  0.06  0.00  0.00  0.00  0.00  0.00  0.972
        0.  30.50  18.44   77.45 8.045E-04  163.1   36.5    4.6   4.1   5.5 0.31  7.25 96.61  1.74  1.49  0.09  0.06  0.00  0.00  0.00  0.00  0.00  0.990
        0.  31.00  18.44   77.45 7.606E-04  162.5   35.8    6.6   4.2   5.5 0.31  7.25 96.61  1.74  1.49  0.09  0.06  0.00  0.00  0.00  0.00  0.00  1.003
        0.  31.50  18.44   77.45 7.191E-04  162.0   35.1    8.6   4.2   5.5 0.31  7.25 96.61  1.74  1.49  0.09  0.06  0.00  0.00  0.00  0.00  0.00  0.987
        0.  32.00  18.44   77.45 6.798E-04  161.4   34.4   10.6   4.3   5.5 0.31  7.25 96.61  1.74  1.49  0.09  0.06  0.00  0.00  0.00  0.00  0.00  0.963
        0.  32.50  18.44   77.45 6.427E-04  160.8   33.7   12.7   4.4   5.5 0.31  7.25 96.61  1.74  1.49  0.09  0.06  0.00  0.00  0.00  0.00  0.00  0.967
        0.  33.00  18.44   77.45 6.077E-04  160.3   33.0   14.7   4.4   5.5 0.31  7.25 96.61  1.74  1.49  0.09  0.06  0.00  0.00  0.00  0.00  0.00  0.952
        0.  33.50  18.44   77.45 5.745E-04  159.7   32.3   16.7   4.5   5.5 0.31  7.25 96.61  1.74  1.49  0.09  0.06  0.00  0.00  0.00  0.00  0.00  0.944
        0.  34.00  18.44   77.45 5.432E-04  159.2   31.6   18.7   4.6   5.5 0.31  7.25 96.61  1.74  1.49  0.09  0.06  0.00  0.00  0.00  0.00  0.00  0.942
        0.  34.50  18.44   77.45 5.136E-04  158.6   30.9   20.7   4.6   5.5 0.31  7.25 96.61  1.74  1.49  0.09  0.06  0.00  0.00  0.00  0.00  0.00  0.959
        0.  35.00  18.44   77.45 4.856E-04  158.0   30.2   22.8   4.7   5.5 0.31  7.25 96.61  1.74  1.49  0.09  0.06  0.00  0.00  0.00  0.00  0.00  0.978
        0.  35.50  18.44   77.45 4.579E-04  156.7   30.0   24.8   4.8   5.5 0.31  7.25 96.61  1.74  1.49  0.09  0.06  0.00  0.00  0.00  0.00  0.00  0.977
        0.  36.00  18.44   77.45 4.319E-04  155.4   29.7   26.9   4.8   5.5 0.31  7.25 96.61  1.74  1.49  0.09  0.06  0.00  0.00  0.00  0.00  0.00  0.984
        0.  36.50  18.44   77.45 4.073E-04  154.1   29.5   29.0   4.9   5.5 0.31  7.25 96.61  1.74  1.49  0.09  0.06  0.00  0.00  0.00  0.00  0.00  0.986
        0.  37.00  18.44   77.45 3.842E-04  152.8   29.3   31.0   5.0   5.5 0.31  7.25 96.61  1.74  1.49  0.09  0.06  0.00  0.00  0.00  0.00  0.00  0.968
        0.  37.50  18.44   77.45 3.624E-04  151.5   29.1   33.1   5.0   5.5 0.31  7.25 96.61  1.74  1.49  0.09  0.06  0.00  0.00  0.00  0.00  0.00  0.940
        0.  38.00  18.44   77.45 3.419E-04  150.2   28.9   35.2   5.1   5.5 0.31  7.25 96.61  1.74  1.49  0.09  0.06  0.00  0.00  0.00  0.00  0.00  0.939
        0.  38.50  18.44   77.45 3.226E-04  148.9   28.7   37.2   5.2   5.5 0.31  7.25 96.61  1.74  1.49  0.09  0.06  0.00  0.00  0.00  0.00  0.00  0.977
        0.  39.00  18.44   77.45 3.043E-04  147.5   28.5   39.3   5.3   5.5 0.31  7.25 96.61  1.74  1.49  0.09  0.06  0.00  0.00  0.00  0.00  0.00  0.976
        0.  39.50  18.44   77.45 2.872E-04  146.2   28.3   41.4   5.3   5.5 0.31  7.25 96.61  1.74  1.49  0.09  0.06  0.00  0.00  0.00  0.00  0.00  0.948
        0.  40.00  18.44   77.45 2.710E-04  144.9   28.1   43.4   5.4   5.5 0.31  7.25 96.61  1.74  1.49  0.09  0.06  0.00  0.00  0.00  0.00  0.00  0.953
        0.  40.50  18.44   77.45 2.540E-04  143.9   28.3   43.5   5.5   5.5 0.31  7.25 96.61  1.74  1.49  0.09  0.06  0.00  0.00  0.00  0.00  0.00  0.944
        0.  41.00  18.44   77.45 2.381E-04  142.8   28.5   43.6   5.6   5.5 0.31  7.25 96.61  1.74  1.49  0.09  0.06  0.00  0.00  0.00  0.00  0.00  0.926
        0.  41.50  18.44   77.45 2.232E-04  141.8   28.8   43.7   5.6   5.5 0.31  7.25 96.61  1.74  1.49  0.09  0.06  0.00  0.00  0.00  0.00  0.00  0.942
        0.  42.00  18.44   77.45 2.093E-04  140.7   29.0   43.8   5.7   5.5 0.31  7.25 96.61  1.74  1.49  0.09  0.06  0.00  0.00  0.00  0.00  0.00  0.964
        0.  42.50  18.44   77.45 1.962E-04  139.7   29.3   43.9   5.8   5.5 0.31  7.25 96.61  1.74  1.49  0.09  0.06  0.00  0.00  0.00  0.00  0.00  0.957
        0.  43.00  18.44   77.45 1.840E-04  138.6   29.5   43.9   5.9   5.5 0.31  7.25 96.61  1.74  1.49  0.09  0.06  0.00  0.00  0.00  0.00  0.00  0.900
        0.  43.50  18.44   77.45 1.725E-04  137.6   29.8   44.0   6.0   5.5 0.31  7.25 96.61  1.74  1.49  0.09  0.06  0.00  0.00  0.00  0.00  0.00  0.936
        0.  44.00  18.44   77.45 1.618E-04  136.5   30.0   44.1   6.1   5.5 0.31  7.25 96.61  1.74  1.49  0.09  0.06  0.00  0.00  0.00  0.00  0.00  0.913
        0.  44.50  18.44   77.45 1.517E-04  135.5   30.2   44.2   6.1   5.5 0.31  7.25 96.61  1.74  1.49  0.09  0.06  0.00  0.00  0.00  0.00  0.00  0.924
        0.  45.00  18.44   77.45 1.423E-04  134.4   30.5   44.3   6.2   5.5 0.31  7.25 96.61  1.74  1.49  0.09  0.06  0.00  0.00  0.00  0.00  0.00  0.925
        0.  45.50  18.44   77.45 1.322E-04  135.1   29.6   41.4   6.3   5.5 0.31  7.25 96.61  1.74  1.49  0.09  0.06  0.00  0.00  0.00  0.00  0.00  0.932
        0.  46.00  18.44   77.45 1.228E-04  135.7   28.7   38.5   6.4   5.5 0.31  7.25 96.61  1.74  1.49  0.09  0.06  0.00  0.00  0.00  0.00  0.00  0.935
        0.  46.50  18.44   77.45 1.141E-04  136.3   27.9   35.6   6.5   5.5 0.31  7.25 96.61  1.74  1.49  0.09  0.06  0.00  0.00  0.00  0.00  0.00  0.949
        0.  47.00  18.44   77.45 1.060E-04  137.0   27.0   32.7   6.6   5.5 0.31  7.25 96.61  1.74  1.49  0.09  0.06  0.00  0.00  0.00  0.00  0.00  0.956
        0.  47.50  18.44   77.45 9.848E-05  137.6   26.1   29.8   6.7   5.5 0.31  7.25 96.61  1.74  1.49  0.09  0.06  0.00  0.00  0.00  0.00  0.00  0.907
        0.  48.00  18.44   77.45 9.150E-05  138.2   25.2   26.9   6.8   5.5 0.31  7.25 96.61  1.74  1.49  0.09  0.06  0.00  0.00  0.00  0.00  0.00  0.906
        0.  48.50  18.44   77.45 8.501E-05  138.9   24.4   24.1   6.9   5.5 0.31  7.25 96.61  1.74  1.49  0.09  0.06  0.00  0.00  0.00  0.00  0.00  0.958
        0.  49.00  18.44   77.45 7.899E-05  139.5   23.5   21.2   7.0   5.5 0.31  7.25 96.61  1.74  1.49  0.09  0.06  0.00  0.00  0.00  0.00  0.00  0.974
        0.  49.50  18.44   77.45 7.339E-05  140.1   22.6   18.3   7.1   5.5 0.31  7.25 96.61  1.74  1.49  0.09  0.06  0.00  0.00  0.00  0.00  0.00  0.970
        0.  50.00  18.44   77.45 6.820E-05  140.8   21.7   15.4   7.2   5.5 0.31  7.25 96.61  1.74  1.49  0.09  0.06  0.00  0.00  0.00  0.00  0.00  0.963
        0.  50.50  18.44   77.45 6.294E-05  141.3   19.4   11.6   7.3   5.5 0.31  7.25 96.61  1.74  1.49  0.09  0.06  0.00  0.00  0.00  0.00  0.00  0.962
        0.  51.00  18.44   77.45 5.809E-05  141.7   17.0    7.7   7.4   5.5 0.31  7.25 96.61  1.74  1.49  0.09  0.06  0.00  0.00  0.00  0.00  0.00  0.992
        0.  51.50  18.44   77.45 5.362E-05  142.2   14.7    3.9   7.5   5.5 0.31  7.25 96.61  1.74  1.49  0.09  0.06  0.00  0.00  0.00  0.00  0.00  1.024
        0.  52.00  18.44   77.45 4.949E-05  142.7   12.3    0.1   7.6   5.5 0.31  7.25 96.61  1.74  1.49  0.09  0.06  0.00  0.00  0.00  0.00  0.00  0.984
        0.  52.50  18.44   77.45 4.568E-05  143.1   10.0   -3.7   7.7   5.5 0.31  7.25 96.61  1.74  1.49  0.09  0.06  0.00  0.00  0.00  0.00  0.00  0.969
        0.  53.00  18.44   77.45 4.216E-05  143.6    7.7   -7.5   7.8   5.5 0.31  7.25 96.61  1.74  1.49  0.09  0.06  0.00  0.00  0.00  0.00  0.00  1.016
        0.  53.50  18.44   77.45 3.892E-05  144.1    5.3  -11.4   7.9   5.5 0.31  7.25 96.61  1.74  1.49  0.09  0.06  0.00  0.00  0.00  0.00  0.00  0.971
        0.  54.00  18.44   77.45 3.592E-05  144.6    3.0  -15.2   8.1   5.5 0.31  7.25 96.61  1.74  1.49  0.09  0.06  0.00  0.00  0.00  0.00  0.00  0.998
        0.  54.50  18.44   77.45 3.316E-05  145.0    0.6  -19.0   8.2   5.5 0.31  7.25 96.61  1.74  1.49  0.09  0.06  0.00  0.00  0.00  0.00  0.00  0.995
        0.  55.00  18.44   77.45 3.061E-05  145.5   -1.7  -22.8   8.3   5.5 0.31  7.25 96.61  1.74  1.49  0.09  0.06  0.00  0.00  0.00  0.00  0.00  1.059
        0.  55.50  18.44   77.45 2.859E-05  145.5   -3.6  -21.9   8.4   5.5 0.31  7.25 96.61  1.74  1.49  0.09  0.06  0.00  0.00  0.00  0.00  0.00  1.064
        0.  56.00  18.44   77.45 2.670E-05  145.6   -5.5  -21.1   8.5   5.5 0.31  7.25 96.61  1.74  1.49  0.09  0.06  0.00  0.00  0.00  0.00  0.00  1.044
        0.  56.50  18.44   77.45 2.494E-05  145.6   -7.3  -20.2   8.7   5.5 0.31  7.25 96.61  1.74  1.49  0.09  0.06  0.00  0.00  0.00  0.00  0.00  1.072
        0.  57.00  18.44   77.45 2.330E-05  145.6   -9.2  -19.3   8.8   5.5 0.31  7.25 96.61  1.74  1.49  0.09  0.06  0.00  0.00  0.00  0.00  0.00  1.063
        0.  57.50  18.44   77.45 2.177E-05  145.6  -11.1  -18.4   8.9   5.5 0.31  7.25 96.61  1.74  1.49  0.09  0.06  0.00  0.00  0.00  0.00  0.00  1.102
        0.  58.00  18.44   77.45 2.033E-05  145.6  -13.0  -17.5   9.0   5.5 0.31  7.25 96.61  1.74  1.49  0.09  0.06  0.00  0.00  0.00  0.00  0.00  1.065
        0.  58.50  18.44   77.45 1.899E-05  145.7  -14.8  -16.6   9.2   5.5 0.31  7.25 96.61  1.74  1.49  0.09  0.06  0.00  0.00  0.00  0.00  0.00  1.082
        0.  59.00  18.44   77.45 1.774E-05  145.7  -16.7  -15.8   9.3   5.5 0.31  7.25 96.61  1.74  1.49  0.09  0.06  0.00  0.00  0.00  0.00  0.00  1.072
        0.  59.50  18.44   77.45 1.657E-05  145.7  -18.6  -14.9   9.4   5.5 0.31  7.25 96.61  1.74  1.49  0.09  0.06  0.00  0.00  0.00  0.00  0.00  1.077
        0.  60.00  18.44   77.45 1.548E-05  145.7  -20.5  -14.0   9.6   5.5 0.31  7.25 96.61  1.74  1.49  0.09  0.06  0.00  0.00  0.00  0.00  0.00  1.074
        0.  60.50  18.44   77.45 1.454E-05  145.5  -22.3  -11.2   9.7   5.5 0.31  7.25 96.61  1.74  1.49  0.09  0.06  0.00  0.00  0.00  0.00  0.00  1.059
        0.  61.00  18.44   77.45 1.366E-05  145.2  -24.0   -8.4   9.8   5.5 0.31  7.25 96.61  1.74  1.49  0.09  0.06  0.00  0.00  0.00  0.00  0.00  1.020
        0.  61.50  18.44   77.45 1.283E-05  145.0  -25.8   -5.6  10.0   5.5 0.31  7.25 96.61  1.74  1.49  0.09  0.06  0.00  0.00  0.00  0.00  0.00  0.994
        0.  62.00  18.44   77.45 1.205E-05  144.7  -27.6   -2.7  10.1   5.5 0.31  7.25 96.61  1.74  1.49  0.09  0.06  0.00  0.00  0.00  0.00  0.00  1.013
        0.  62.50  18.44   77.45 1.132E-05  144.4  -29.4    0.1  10.3   5.5 0.31  7.25 96.61  1.74  1.49  0.09  0.06  0.00  0.00  0.00  0.00  0.00  1.027
        0.  63.00  18.44   77.45 1.064E-05  144.2  -31.2    2.9  10.4   5.5 0.31  7.25 96.61  1.74  1.49  0.09  0.06  0.00  0.00  0.00  0.00  0.00  0.966
        0.  63.50  18.44   77.45 9.990E-06  143.9  -33.0    5.7  10.6   5.5 0.31  7.25 96.61  1.74  1.49  0.09  0.06  0.00  0.00  0.00  0.00  0.00  1.001
        0.  64.00  18.44   77.45 9.385E-06  143.6  -34.7    8.5  10.7   5.5 0.31  7.25 96.61  1.74  1.49  0.09  0.06  0.00  0.00  0.00  0.00  0.00  1.039
        0.  64.50  18.44   77.45 8.816E-06  143.4  -36.5   11.3  10.9   5.5 0.31  7.25 96.61  1.74  1.49  0.09  0.06  0.00  0.00  0.00  0.00  0.00  1.048
        0.  65.00  18.44   77.45 8.297E-06  143.1  -38.3   14.1  11.0   5.5 0.31  7.25 96.61  1.74  1.49  0.09  0.06  0.00  0.00  0.00  0.00  0.00  1.036
        0.  65.50  18.44   77.45 7.774E-06  144.0  -36.9   15.9  11.2   5.5 0.31  7.25 96.61  1.74  1.49  0.09  0.06  0.00  0.00  0.00  0.00  0.00  0.986
        0.  66.00  18.44   77.45 7.285E-06  144.9  -35.5   17.7  11.4   5.5 0.31  7.25 96.61  1.74  1.49  0.09  0.06  0.00  0.00  0.00  0.00  0.00  0.973
        0.  66.50  18.44   77.45 6.827E-06  145.7  -34.0   19.5  11.5   5.5 0.31  7.25 96.61  1.74  1.49  0.09  0.06  0.00  0.00  0.00  0.00  0.00  0.978
        0.  67.00  18.44   77.45 6.398E-06  146.6  -32.6   21.3  11.7   5.5 0.31  7.25 96.61  1.74  1.49  0.09  0.06  0.00  0.00  0.00  0.00  0.00  0.974
        0.  67.50  18.44   77.45 5.996E-06  147.5  -31.2   23.1  11.9   5.5 0.31  7.25 96.61  1.74  1.49  0.09  0.06  0.00  0.00  0.00  0.00  0.00  0.980
        0.  68.00  18.44   77.45 5.619E-06  148.4  -29.7   24.9  12.0   5.5 0.31  7.25 96.61  1.74  1.49  0.09  0.06  0.00  0.00  0.00  0.00  0.00  0.982
        0.  68.50  18.44   77.45 5.267E-06  149.2  -28.3   26.7  12.2   5.5 0.31  7.25 96.61  1.74  1.49  0.09  0.06  0.00  0.00  0.00  0.00  0.00  0.969
        0.  69.00  18.44   77.45 4.936E-06  150.1  -26.9   28.5  12.4   5.5 0.31  7.25 96.61  1.74  1.49  0.09  0.06  0.00  0.00  0.00  0.00  0.00  0.996
        0.  69.50  18.44   77.45 4.627E-06  151.0  -25.4   30.3  12.6   5.5 0.31  7.25 96.61  1.74  1.49  0.09  0.06  0.00  0.00  0.00  0.00  0.00  1.025
        0.  70.00  18.44   77.45 4.352E-06  151.9  -24.0   32.1  12.7   5.5 0.31  7.25 96.61  1.74  1.49  0.09  0.06  0.00  0.00  0.00  0.00  0.00  1.027
        0.  70.50  18.44   77.45 4.070E-06  152.4  -23.6   31.7  12.9   5.5 0.31  7.25 96.61  1.74  1.49  0.09  0.06  0.00  0.00  0.00  0.00  0.00  0.990
        0.  71.00  18.44   77.45 3.806E-06  152.9  -23.2   31.3  13.1   5.5 0.31  7.25 96.61  1.74  1.49  0.09  0.06  0.00  0.00  0.00  0.00  0.00  0.976
        0.  71.50  18.44   77.45 3.559E-06  153.4  -22.7   31.0  13.3   5.5 0.31  7.25 96.61  1.74  1.49  0.09  0.06  0.00  0.00  0.00  0.00  0.00  0.973
        0.  72.00  18.44   77.45 3.328E-06  153.9  -22.3   30.6  13.5   5.5 0.31  7.25 96.61  1.74  1.49  0.09  0.06  0.00  0.00  0.00  0.00  0.00  0.908
        0.  72.50  18.44   77.45 3.112E-06  154.3  -21.9   30.2  13.7   5.5 0.31  7.25 96.61  1.74  1.49  0.09  0.06  0.00  0.00  0.00  0.00  0.00  0.913
        0.  73.00  18.44   77.45 2.911E-06  154.8  -21.4   29.8  13.9   5.5 0.31  7.25 96.60  1.74  1.49  0.09  0.06  0.00  0.00  0.00  0.00  0.00  0.928
        0.  73.50  18.44   77.45 2.722E-06  155.3  -21.0   29.4  14.1   5.5 0.31  7.25 96.60  1.74  1.49  0.09  0.06  0.00  0.00  0.00  0.00  0.00  0.857
        0.  74.00  18.44   77.45 2.546E-06  155.8  -20.6   29.0  14.3   5.5 0.31  7.25 96.60  1.74  1.49  0.09  0.06  0.00  0.00  0.00  0.00  0.00  0.853
        0.  74.50  18.44   77.45 2.381E-06  156.3  -20.1   28.7  14.5   5.5 0.31  7.25 96.60  1.74  1.49  0.09  0.06  0.00  0.00  0.00  0.00  0.00  0.902
        0.  75.00  18.44   77.45 2.226E-06  156.8  -19.7   28.3  14.7   5.5 0.31  7.25 96.60  1.74  1.49  0.09  0.06  0.00  0.00  0.00  0.00  0.00  0.922
        0.  75.50  18.44   77.45 2.070E-06  154.4  -20.9   22.7  14.9   5.5 0.31  7.25 96.60  1.74  1.49  0.09  0.06  0.00  0.00  0.00  0.00  0.00  0.892
        0.  76.00  18.44   77.45 1.925E-06  151.9  -22.2   17.1  15.1   5.5 0.31  7.25 96.61  1.74  1.49  0.09  0.06  0.00  0.00  0.00  0.00  0.00  0.931
        0.  76.50  18.44   77.45 1.791E-06  149.5  -23.4   11.5  15.3   5.5 0.31  7.25 96.61  1.74  1.49  0.09  0.06  0.00  0.00  0.00  0.00  0.00  0.917
        0.  77.00  18.44   77.45 1.666E-06  147.0  -24.7    5.9  15.5   5.5 0.31  7.25 96.61  1.74  1.49  0.09  0.06  0.00  0.00  0.00  0.00  0.00  0.925
        0.  77.50  18.44   77.45 1.551E-06  144.6  -25.9    0.4  15.8   5.5 0.31  7.25 96.61  1.74  1.49  0.09  0.06  0.00  0.00  0.00  0.00  0.00  0.921
        0.  78.00  18.44   77.45 1.444E-06  142.1  -27.2   -5.2  16.0   5.5 0.31  7.25 96.61  1.74  1.49  0.09  0.06  0.00  0.00  0.00  0.00  0.00  0.991
        0.  78.50  18.44   77.45 1.345E-06  139.7  -28.4  -10.8  16.2   5.5 0.31  7.25 96.61  1.74  1.49  0.09  0.06  0.00  0.00  0.00  0.00  0.00  1.003
        0.  79.00  18.44   77.45 1.253E-06  137.3  -29.6  -16.4  16.5   5.5 0.31  7.25 96.61  1.74  1.49  0.09  0.06  0.00  0.00  0.00  0.00  0.00  1.002
        0.  79.50  18.44   77.45 1.168E-06  134.8  -30.9  -22.0  16.7   5.5 0.31  7.25 96.61  1.74  1.49  0.09  0.06  0.00  0.00  0.00  0.00  0.00  0.979
        0.  80.00  18.44   77.45 1.089E-06  132.4  -32.1  -27.6  16.9   5.5 0.31  7.25 96.61  1.74  1.49  0.09  0.06  0.00  0.00  0.00  0.00  0.00  0.952
        0.  80.50  18.44   77.45 1.017E-06  130.9  -33.0  -30.7  17.2   5.5 0.31  7.25 95.61  1.77  1.52  0.10  0.08  0.93  0.00  0.00  0.00  0.00  1.008
        0.  81.00  18.44   77.45 9.512E-07  130.4  -33.6  -31.7  17.4   5.5 0.31  7.25 95.57  1.77  1.52  0.10  0.09  0.95  0.00  0.00  0.00  0.00  1.028
        0.  81.50  18.44   77.45 8.895E-07  129.8  -34.1  -32.7  17.7   5.5 0.31  7.25 95.54  1.77  1.52  0.10  0.10  0.97  0.00  0.00  0.00  0.00  1.083
        0.  82.00  18.44   77.45 8.319E-07  129.2  -34.7  -33.7  17.9   5.5 0.31  7.25 95.51  1.77  1.52  0.10  0.11  0.99  0.00  0.00  0.00  0.00  0.936
        0.  82.50  18.44   77.45 7.780E-07  128.7  -35.3  -34.7  18.2   5.5 0.31  7.25 95.47  1.78  1.52  0.10  0.12  1.01  0.00  0.00  0.00  0.00  0.932
        0.  83.00  18.44   77.45 7.276E-07  128.1  -35.8  -35.7  18.5   5.5 0.31  7.25 95.44  1.78  1.52  0.10  0.13  1.03  0.00  0.00  0.00  0.00  1.078
        0.  83.50  18.44   77.45 6.805E-07  127.6  -36.4  -36.7  18.7   5.5 0.31  7.25 95.41  1.78  1.52  0.10  0.14  1.05  0.00  0.00  0.00  0.00  1.127
        0.  84.00  18.44   77.45 6.364E-07  127.0  -37.0  -37.7  19.0   5.5 0.31  7.25 95.38  1.78  1.52  0.10  0.15  1.07  0.00  0.00  0.00  0.00  1.097
        0.  84.50  18.44   77.45 5.953E-07  126.4  -37.5  -38.7  19.3   5.5 0.31  7.25 95.34  1.78  1.52  0.10  0.16  1.09  0.00  0.00  0.00  0.00  1.017
        0.  85.00  18.44   77.45 5.568E-07  125.9  -38.1  -39.7  19.5   5.5 0.31  7.25 95.31  1.78  1.52  0.10  0.18  1.11  0.00  0.00  0.00  0.00  1.064
        0.  85.50  18.44   77.45 5.200E-07  125.3  -39.2  -39.7  19.8   5.5 0.31  7.25 95.26  1.78  1.52  0.10  0.19  1.15  0.00  0.00  0.00  0.00  0.984
        0.  86.00  18.44   77.45 4.850E-07  124.7  -40.7  -38.7  20.1   5.5 0.31  7.25 95.20  1.78  1.52  0.11  0.20  1.20  0.00  0.00  0.00  0.00  0.865
        0.  86.50  18.44   77.45 4.524E-07  124.1  -42.2  -37.8  20.4   5.5 0.31  7.25 95.13  1.78  1.52  0.11  0.21  1.25  0.00  0.00  0.00  0.00  0.911
        0.  87.00  18.44   77.45 4.220E-07  123.5  -43.7  -36.9  20.7   5.5 0.31  7.25 95.07  1.78  1.52  0.11  0.22  1.30  0.00  0.00  0.00  0.00  0.831
        0.  87.50  18.44   77.45 3.936E-07  122.9  -45.1  -35.9  21.0   5.5 0.31  7.25 95.00  1.79  1.52  0.11  0.23  1.35  0.00  0.00  0.00  0.00  0.824
        0.  88.00  18.44   77.45 3.672E-07  122.4  -46.6  -35.0  21.3   5.5 0.31  7.25 94.94  1.79  1.53  0.11  0.24  1.39  0.00  0.00  0.00  0.00  0.937
        0.  88.50  18.44   77.45 3.425E-07  121.8  -48.1  -34.0  21.6   5.5 0.31  7.25 94.88  1.79  1.53  0.11  0.25  1.44  0.00  0.00  0.00  0.00  1.080
        0.  89.00  18.44   77.45 3.195E-07  121.2  -49.6  -33.1  21.9   5.5 0.31  7.25 94.81  1.79  1.53  0.11  0.27  1.49  0.00  0.00  0.00  0.00  1.071
        0.  89.50  18.44   77.45 2.981E-07  120.6  -51.1  -32.1  22.2   5.5 0.31  7.25 94.75  1.79  1.53  0.11  0.28  1.54  0.00  0.00  0.00  0.00  0.981
        0.  90.00  18.44   77.45 2.781E-07  120.0  -52.6  -31.2  22.5   5.5 0.31  7.25 94.68  1.79  1.53  0.11  0.29  1.59  0.00  0.00  0.00  0.00  0.981
        0.  90.50  18.44   77.45 2.589E-07  119.7  -54.4  -29.9  22.9   5.5 0.31  7.25 94.76  1.79  1.53  0.11  0.30  1.51  0.00  0.00  0.00  0.00  1.036
        0.  91.00  18.44   77.45 2.407E-07  119.5  -56.4  -28.2  23.2   5.5 0.31  7.25 94.96  1.79  1.52  0.11  0.31  1.31  0.00  0.00  0.00  0.00  0.950
        0.  91.50  18.44   77.45 2.237E-07  119.4  -58.4  -26.5  23.5   5.5 0.31  7.25 95.16  1.78  1.52  0.11  0.32  1.11  0.00  0.00  0.00  0.00  0.780
        0.  92.00  18.44   77.45 2.080E-07  119.3  -60.5  -24.8  23.9   5.5 0.31  7.25 95.35  1.77  1.51  0.11  0.33  0.92  0.00  0.00  0.00  0.00  0.772
        0.  92.50  18.44   77.45 1.933E-07  119.1  -62.5  -23.1  24.2   5.5 0.31  7.25 95.55  1.77  1.51  0.11  0.34  0.72  0.00  0.00  0.00  0.00  0.772
        0.  93.00  18.44   77.45 1.797E-07  119.0  -64.5  -21.4  24.6   5.5 0.31  7.25 95.75  1.76  1.50  0.11  0.35  0.52  0.00  0.00  0.00  0.00  0.865
        0.  93.50  18.44   77.45 1.670E-07  118.8  -66.5  -19.7  24.9   5.5 0.31  7.25 95.95  1.76  1.50  0.12  0.36  0.33  0.00  0.00  0.00  0.00  0.861
        0.  94.00  18.44   77.45 1.553E-07  118.7  -68.5  -18.0  25.3   5.5 0.31  7.25 96.15  1.75  1.49  0.12  0.37  0.13  0.00  0.00  0.00  0.00  0.868
        0.  94.50  18.44   77.45 1.444E-07  118.5  -70.6  -16.4  25.6   5.5 0.31  7.25 96.27  1.75  1.49  0.12  0.38  0.00  0.00  0.00  0.00  0.00  0.744
        0.  95.00  18.44   77.45 1.342E-07  118.4  -72.6  -14.7  26.0   5.5 0.31  7.25 96.26  1.75  1.49  0.12  0.39  0.00  0.00  0.00  0.00  0.00  0.750
        0.  95.50  18.44   77.45 1.246E-07  118.4  -75.9  -13.0  26.4   5.5 0.31  7.25 96.25  1.75  1.49  0.12  0.40  0.00  0.00  0.00  0.00  0.00  0.610
        0.  96.00  18.44   77.45 1.155E-07  118.6  -80.3  -11.2  26.8   5.5 0.31  7.25 96.24  1.75  1.49  0.12  0.41  0.00  0.00  0.00  0.00  0.00  0.553
        0.  96.50  18.44   77.45 1.071E-07  118.8  -81.4   -9.5  27.1   5.5 0.31  7.25 96.22  1.75  1.49  0.12  0.42  0.00  0.00  0.00  0.00  0.00  0.664
        0.  97.00  18.44   77.45 9.930E-08  119.0  -81.4   -7.8  27.5   5.5 0.31  7.25 96.21  1.75  1.49  0.12  0.43  0.00  0.00  0.00  0.00  0.00  0.822
        0.  97.50  18.44   77.45 9.207E-08  119.2  -81.5   -6.0  27.9   5.5 0.31  7.25 96.20  1.75  1.49  0.12  0.44  0.00  0.00  0.00  0.00  0.00  0.771
        0.  98.00  18.44   77.45 8.538E-08  119.4  -81.6   -4.3  28.3   5.5 0.31  7.25 96.19  1.75  1.49  0.12  0.46  0.00  0.00  0.00  0.00  0.00  0.806
        0.  98.50  18.44   77.45 7.917E-08  119.5  -81.6   -2.6  28.7   5.5 0.31  7.25 96.18  1.75  1.49  0.12  0.47  0.00  0.00  0.00  0.00  0.00  0.864
        0.  99.00  18.44   77.45 7.341E-08  119.7  -81.7   -0.9  29.2   5.5 0.31  7.25 96.17  1.75  1.49  0.12  0.48  0.00  0.00  0.00  0.00  0.00  0.915
        0.  99.50  18.44   77.45 6.808E-08  119.9  -81.8    0.9  29.6   5.5 0.31  7.25 96.16  1.75  1.49  0.12  0.49  0.00  0.00  0.00  0.00  0.00  0.891
        0. 100.00  18.44   77.45 6.314E-08  120.1  -81.9    2.6  30.0   5.5 0.31  7.25 96.14  1.75  1.49  0.12  0.50  0.00  0.00  0.00  0.00  0.00  0.965
        0. 100.50  18.44   77.45 5.852E-08  120.1  -81.9    4.3  30.3   5.5 0.31  7.25 96.13  1.75  1.48  0.13  0.51  0.00  0.00  0.00  0.00  0.00  1.103
        0. 101.00  18.44   77.45 5.421E-08  120.1  -81.9    6.1  30.5   5.5 0.31  7.25 96.12  1.75  1.48  0.13  0.52  0.00  0.00  0.00  0.00  0.00  1.115
        0. 101.50  18.44   77.45 5.022E-08  120.0  -81.8    7.8  30.8   5.5 0.31  7.25 96.11  1.75  1.48  0.13  0.53  0.00  0.00  0.00  0.00  0.00  1.125
        0. 102.00  18.44   77.45 4.652E-08  120.0  -81.8    9.5  31.0   5.5 0.31  7.25 96.10  1.75  1.48  0.13  0.54  0.00  0.00  0.00  0.00  0.00  1.177
        0. 102.50  18.44   77.45 4.310E-08  119.9  -81.8   11.2  31.2   5.5 0.31  7.25 96.09  1.75  1.48  0.13  0.55  0.00  0.00  0.00  0.00  0.00  1.211
        0. 103.00  18.44   77.45 3.992E-08  119.9  -81.8   12.9  31.5   5.5 0.31  7.25 96.07  1.75  1.48  0.13  0.56  0.00  0.00  0.00  0.00  0.00  1.258
        0. 103.50  18.44   77.45 3.698E-08  119.8  -81.8   14.7  31.7   5.5 0.31  7.25 96.06  1.75  1.48  0.13  0.58  0.00  0.00  0.00  0.00  0.00  1.087
        0. 104.00  18.44   77.45 3.426E-08  119.8  -81.7   16.4  32.0   5.5 0.31  7.25 96.05  1.75  1.48  0.13  0.59  0.00  0.00  0.00  0.00  0.00  0.987
        0. 104.50  18.44   77.45 3.174E-08  119.7  -81.7   18.1  32.3   5.5 0.31  7.25 96.04  1.75  1.48  0.13  0.60  0.00  0.00  0.00  0.00  0.00  0.996
        0. 105.00  18.44   77.45 2.940E-08  119.7  -81.7   19.8  32.5   5.5 0.31  7.25 96.03  1.75  1.48  0.13  0.61  0.00  0.00  0.00  0.00  0.00  1.066
        0. 105.50  18.44   77.45 2.719E-08  119.7  -81.7   21.3  32.8   5.5 0.31  7.25 96.02  1.75  1.48  0.13  0.62  0.00  0.00  0.00  0.00  0.00  1.066
        0. 106.00  18.44   77.45 2.511E-08  119.7  -81.7   22.5  33.0   5.5 0.31  7.25 96.00  1.75  1.48  0.13  0.63  0.00  0.00  0.00  0.00  0.00  1.109
        0. 106.50  18.44   77.45 2.318E-08  119.7  -81.7   23.7  33.3   5.5 0.31  7.25 95.99  1.75  1.48  0.13  0.64  0.00  0.00  0.00  0.00  0.00  1.172
        0. 107.00  18.44   77.45 2.141E-08  119.7  -81.7   24.8  33.5   5.5 0.31  7.25 95.98  1.75  1.48  0.13  0.65  0.00  0.00  0.00  0.00  0.00  1.150
        0. 107.50  18.44   77.45 1.977E-08  119.6  -81.7   26.0  33.8   5.5 0.31  7.25 95.97  1.75  1.48  0.14  0.66  0.00  0.00  0.00  0.00  0.00  1.163
        0. 108.00  18.44   77.45 1.825E-08  119.6  -81.7   27.2  34.0   5.5 0.31  7.25 95.96  1.75  1.48  0.14  0.67  0.00  0.00  0.00  0.00  0.00  1.247
        0. 108.50  18.44   77.45 1.686E-08  119.6  -81.7   28.4  34.3   5.5 0.31  7.25 95.95  1.75  1.48  0.14  0.69  0.00  0.00  0.00  0.00  0.00  1.240
        0. 109.00  18.44   77.45 1.557E-08  119.6  -81.7   29.6  34.5   5.5 0.31  7.25 95.93  1.75  1.48  0.14  0.70  0.00  0.00  0.00  0.00  0.00  1.306
        0. 109.50  18.44   77.45 1.438E-08  119.6  -81.7   30.8  34.8   5.5 0.31  7.25 95.92  1.75  1.48  0.14  0.71  0.00  0.00  0.00  0.00  0.00  1.228
        0. 110.00  18.44   77.45 1.328E-08  119.6  -81.7   32.0  35.0   5.5 0.31  7.25 95.91  1.75  1.48  0.14  0.72  0.00  0.00  0.00  0.00  0.00  1.162
        0. 110.50  18.44   77.45 1.226E-08  120.0  -81.8   32.8  35.3   5.5 0.31  7.25 95.90  1.75  1.48  0.14  0.73  0.00  0.00  0.00  0.00  0.00  1.256
        0. 111.00  18.44   77.45 1.131E-08  120.6  -82.1   33.3  35.5   5.5 0.31  7.25 95.89  1.75  1.48  0.14  0.74  0.00  0.00  0.00  0.00  0.00  1.345
        0. 111.50  18.44   77.45 1.043E-08  121.3  -82.3   33.8  35.7   5.5 0.31  7.25 95.88  1.75  1.48  0.14  0.75  0.00  0.00  0.00  0.00  0.00  1.101
        0. 112.00  18.44   77.45 9.628E-09  122.0  -82.6   34.3  36.0   5.5 0.31  7.25 95.86  1.75  1.48  0.14  0.76  0.00  0.00  0.00  0.00  0.00  1.000
        0. 112.50  18.44   77.45 8.885E-09  122.6  -82.8   34.8  36.3   5.5 0.31  7.25 95.85  1.75  1.48  0.14  0.77  0.00  0.00  0.00  0.00  0.00  0.958
        0. 113.00  18.44   77.45 8.199E-09  123.3  -83.0   35.3  36.5   5.5 0.31  7.25 95.84  1.75  1.48  0.14  0.78  0.00  0.00  0.00  0.00  0.00  0.945
        0. 113.50  18.44   77.45 7.566E-09  123.9  -83.3   35.8  36.8   5.5 0.31  7.25 95.78  1.75  1.48  0.14  0.80  0.04  0.00  0.00  0.00  0.00  0.948
        0. 114.00  18.44   77.45 6.983E-09  124.6  -83.5   36.3  37.0   5.5 0.31  7.25 95.68  1.75  1.48  0.15  0.81  0.13  0.00  0.00  0.00  0.00  0.908
        0. 114.50  18.44   77.45 6.444E-09  125.2  -83.8   36.9  37.3   5.5 0.31  7.25 95.57  1.76  1.49  0.15  0.82  0.22  0.00  0.00  0.00  0.00  0.890
        0. 115.00  18.44   77.45 5.947E-09  125.9  -84.0   37.4  37.5   5.5 0.31  7.25 95.47  1.76  1.49  0.15  0.83  0.31  0.00  0.00  0.00  0.00  0.940
        0. 115.50  18.44   77.45 5.508E-09  126.8  -84.4   37.6  37.8   5.5 0.31  7.25 95.47  1.76  1.49  0.15  0.84  0.29  0.00  0.00  0.00  0.00  1.137
        0. 116.00  18.44   77.45 5.115E-09  127.8  -84.7   37.6  38.0   5.5 0.31  7.25 95.55  1.78  1.49  0.15  0.86  0.17  0.00  0.00  0.00  0.00  1.320
        0. 116.50  18.44   77.45 4.751E-09  128.9  -85.1   37.6  38.3   5.5 0.31  7.25 95.61  1.82  1.49  0.15  0.88  0.04  0.00  0.00  0.00  0.00  1.513
        0. 117.00  18.44   77.45 4.413E-09  129.9  -85.5   37.5  38.5   5.5 0.31  7.25 95.58  1.87  1.50  0.16  0.90  0.00  0.00  0.00  0.00  0.00  1.528
        0. 117.50  18.44   77.45 4.100E-09  131.0  -85.9   37.5  38.8   5.5 0.31  7.25 95.50  1.91  1.51  0.16  0.92  0.00  0.00  0.00  0.00  0.00  1.601
        0. 118.00  18.44   77.45 3.809E-09  132.1  -86.3   37.5  39.0   5.5 0.31  7.25 95.42  1.96  1.52  0.16  0.94  0.00  0.00  0.00  0.00  0.00  1.532
        0. 118.50  18.44   77.45 3.538E-09  133.1  -86.7   37.5  39.3   5.5 0.31  7.25 95.35  2.00  1.52  0.16  0.96  0.00  0.00  0.00  0.00  0.00  1.578
        0. 119.00  18.44   77.45 3.288E-09  134.2  -87.1   37.5  39.5   5.5 0.31  7.25 95.27  2.05  1.53  0.17  0.99  0.00  0.00  0.00  0.00  0.00  1.564
        0. 119.50  18.44   77.45 3.055E-09  135.3  -87.5   37.5  39.7   5.5 0.31  7.25 95.19  2.10  1.54  0.17  1.01  0.00  0.00  0.00  0.00  0.00  1.603
        0. 120.00  18.44   77.45 2.839E-09  136.3  -87.9   37.5  40.0   5.5 0.31  7.25 95.11  2.14  1.54  0.17  1.03  0.00  0.00  0.00  0.00  0.00  1.762
        0. 120.50  18.44   77.45 2.642E-09  137.3  -88.2   37.4  40.2   5.5 0.31  7.25 95.03  2.19  1.55  0.17  1.06  0.00  0.00  0.00  0.00  0.00  1.875
        0. 121.00  18.44   77.45 2.462E-09  138.3  -88.6   37.3  40.5   5.5 0.31  7.25 94.94  2.24  1.56  0.18  1.08  0.00  0.00  0.00  0.00  0.00  1.840
        0. 121.50  18.44   77.45 2.294E-09  139.3  -89.0   37.3  40.7   5.5 0.31  7.25 94.86  2.29  1.57  0.18  1.10  0.00  0.00  0.00  0.00  0.00  1.988
        0. 122.00  18.44   77.45 2.138E-09  140.3  -89.3   37.2  41.0   5.5 0.31  7.25 94.78  2.34  1.57  0.18  1.13  0.00  0.00  0.00  0.00  0.00  1.879
        0. 122.50  18.44   77.45 1.992E-09  141.2  -89.7   37.1  41.3   5.5 0.31  7.25 94.70  2.39  1.58  0.19  1.15  0.00  0.00  0.00  0.00  0.00  1.801
        0. 123.00  18.44   77.45 1.857E-09  142.2  -90.0   37.1  41.5   5.5 0.31  7.25 94.61  2.44  1.59  0.19  1.17  0.00  0.00  0.00  0.00  0.00  1.729
        0. 123.50  18.44   77.45 1.731E-09  143.2  -90.4   37.0  41.8   5.5 0.31  7.25 94.53  2.49  1.59  0.19  1.20  0.00  0.00  0.00  0.00  0.00  1.784
        0. 124.00  18.44   77.45 1.613E-09  144.2  -90.7   36.9  42.0   5.5 0.31  7.25 94.44  2.54  1.60  0.19  1.22  0.00  0.00  0.00  0.00  0.00  1.572
        0. 124.50  18.44   77.45 1.504E-09  145.1  -91.1   36.8  42.2   5.5 0.31  7.25 94.35  2.60  1.60  0.20  1.25  0.00  0.00  0.00  0.00  0.00  1.704
        0. 125.00  18.44   77.45 1.402E-09  146.1  -91.4   36.8  42.5   5.5 0.31  7.25 94.26  2.65  1.61  0.20  1.28  0.00  0.00  0.00  0.00  0.00  1.618
        0. 125.50  18.44   77.45 1.310E-09  147.0  -91.7   36.6  42.7   5.5 0.31  7.25 94.17  2.70  1.62  0.20  1.30  0.00  0.00  0.00  0.00  0.00  1.377
        0. 126.00  18.44   77.45 1.227E-09  147.7  -92.0   36.4  43.0   5.5 0.31  7.25 94.08  2.76  1.62  0.21  1.33  0.00  0.00  0.00  0.00  0.00  1.197
        0. 126.50  18.44   77.45 1.150E-09  148.4  -92.2   36.2  43.3   5.5 0.31  7.25 93.99  2.81  1.63  0.21  1.35  0.00  0.00  0.00  0.00  0.00  1.211
        0. 127.00  18.44   77.45 1.077E-09  149.2  -92.5   36.0  43.5   5.5 0.31  7.25 93.90  2.87  1.64  0.21  1.38  0.00  0.00  0.00  0.00  0.00  1.077
        0. 127.50  18.44   77.45 1.009E-09  149.9  -92.8   35.8  43.7   5.5 0.31  7.25 93.81  2.92  1.64  0.22  1.41  0.00  0.00  0.00  0.00  0.00  0.946
        0. 128.00  18.44   77.45 9.451E-10  150.7  -93.0   35.6  44.0   5.5 0.31  7.25 93.71  2.98  1.65  0.22  1.44  0.00  0.00  0.00  0.00  0.00  0.854
        0. 128.50  18.44   77.45 8.854E-10  151.4  -93.3   35.4  44.2   5.5 0.31  7.25 93.62  3.04  1.65  0.22  1.46  0.00  0.00  0.00  0.00  0.00  0.873
        0. 129.00  18.44   77.45 8.295E-10  152.1  -93.6   35.2  44.5   5.5 0.31  7.25 93.52  3.10  1.66  0.23  1.49  0.00  0.00  0.00  0.00  0.00  0.944
        0. 129.50  18.44   77.45 7.772E-10  152.9  -93.8   35.0  44.8   5.5 0.31  7.25 93.43  3.16  1.66  0.23  1.52  0.00  0.00  0.00  0.00  0.00  1.065
        0. 130.00  18.44   77.45 7.281E-10  153.6  -94.1   34.8  45.0   5.5 0.31  7.25 93.33  3.22  1.67  0.23  1.55  0.00  0.00  0.00  0.00  0.00  1.054
        0. 130.50  18.44   77.45 6.839E-10  154.3  -94.3   34.6  45.0   5.5 0.31  7.25 93.23  3.28  1.67  0.23  1.58  0.00  0.00  0.00  0.00  0.00  0.813
        0. 131.00  18.44   77.45 6.437E-10  154.8  -94.5   34.5  45.0   5.5 0.31  7.25 93.13  3.34  1.68  0.24  1.61  0.00  0.00  0.00  0.00  0.00  0.979
        0. 131.50  18.44   77.45 6.059E-10  155.3  -94.7   34.5  45.0   5.5 0.31  7.25 93.03  3.41  1.69  0.24  1.64  0.00  0.00  0.00  0.00  0.00  0.905
        0. 132.00  18.44   77.45 5.703E-10  155.9  -94.9   34.4  45.0   5.5 0.31  7.25 92.92  3.47  1.69  0.24  1.67  0.00  0.00  0.00  0.00  0.00  0.847
        0. 132.50  18.44   77.45 5.368E-10  156.4  -95.1   34.3  45.0   5.5 0.31  7.25 92.82  3.53  1.70  0.25  1.70  0.00  0.00  0.00  0.00  0.00  0.959
        0. 133.00  18.44   77.45 5.053E-10  157.0  -95.3   34.2  45.0   5.5 0.31  7.25 92.72  3.60  1.70  0.25  1.73  0.00  0.00  0.00  0.00  0.00  0.802
        0. 133.50  18.44   77.45 4.757E-10  157.5  -95.5   34.2  45.0   5.5 0.31  7.25 92.61  3.66  1.71  0.25  1.76  0.00  0.00  0.00  0.00  0.00  0.823
        0. 134.00  18.44   77.45 4.478E-10  158.0  -95.7   34.1  45.0   5.5 0.31  7.25 92.50  3.73  1.71  0.26  1.80  0.00  0.00  0.00  0.00  0.00  0.868
        0. 134.50  18.44   77.45 4.215E-10  158.6  -95.8   34.0  45.0   5.5 0.31  7.25 92.39  3.80  1.71  0.26  1.83  0.00  0.00  0.00  0.00  0.00  0.822
        0. 135.00  18.44   77.45 3.968E-10  159.1  -96.0   33.9  45.0   5.5 0.31  7.25 92.29  3.87  1.72  0.26  1.86  0.00  0.00  0.00  0.00  0.00  0.959
        0. 135.50  18.44   77.45 3.739E-10  159.5  -96.2   33.8  45.0   5.5 0.31  7.25 92.17  3.94  1.72  0.27  1.90  0.00  0.00  0.00  0.00  0.00  1.046
        0. 136.00  18.44   77.45 3.527E-10  159.9  -96.3   33.6  45.0   5.5 0.31  7.25 92.06  4.01  1.73  0.27  1.93  0.00  0.00  0.00  0.00  0.00  1.110
        0. 136.50  18.44   77.45 3.327E-10  160.3  -96.5   33.4  45.0   5.5 0.31  7.25 91.95  4.08  1.73  0.27  1.96  0.00  0.00  0.00  0.00  0.00  1.127
        0. 137.00  18.44   77.45 3.139E-10  160.6  -96.6   33.3  45.0   5.5 0.31  7.25 91.84  4.15  1.74  0.28  2.00  0.00  0.00  0.00  0.00  0.00  0.966
        0. 137.50  18.44   77.45 2.961E-10  161.0  -96.7   33.1  45.0   5.5 0.31  7.25 91.72  4.22  1.74  0.28  2.03  0.00  0.00  0.00  0.00  0.00  1.272
        0. 138.00  18.44   77.45 2.793E-10  161.3  -96.8   32.9  45.0   5.5 0.31  7.25 91.61  4.29  1.74  0.28  2.07  0.00  0.00  0.00  0.00  0.00  1.096
        0. 138.50  18.44   77.45 2.635E-10  161.7  -97.0   32.7  45.0   5.5 0.31  7.25 91.49  4.37  1.75  0.29  2.10  0.00  0.00  0.00  0.00  0.00  1.019
        0. 139.00  18.44   77.45 2.485E-10  162.1  -97.1   32.6  45.0   5.5 0.31  7.25 91.37  4.44  1.75  0.29  2.14  0.00  0.00  0.00  0.00  0.00  0.980
        0. 139.50  18.44   77.45 2.344E-10  162.4  -97.2   32.4  45.0   5.5 0.31  7.25 91.25  4.52  1.75  0.29  2.18  0.00  0.01  0.00  0.00  0.00  0.811
        0. 140.00  18.44   77.45 2.212E-10  162.8  -97.3   32.2  45.0   5.5 0.31  7.25 91.13  4.59  1.76  0.30  2.21  0.00  0.01  0.00  0.00  0.00  1.076
        0. 140.50  18.44   77.45 2.089E-10  163.1  -97.4   32.0  45.0   5.5 0.31  7.25 91.01  4.67  1.76  0.30  2.25  0.00  0.01  0.00  0.00  0.00  1.089
        0. 141.00  18.44   77.45 1.976E-10  163.3  -97.5   31.9  45.0   5.5 0.31  7.25 90.89  4.75  1.76  0.31  2.29  0.00  0.01  0.00  0.00  0.00  0.960
        0. 141.50  18.44   77.45 1.869E-10  163.5  -97.6   31.7  45.0   5.5 0.31  7.25 90.76  4.83  1.77  0.31  2.33  0.00  0.01  0.00  0.00  0.00  1.094
        0. 142.00  18.44   77.45 1.768E-10  163.8  -97.7   31.6  45.0   5.5 0.31  7.25 90.64  4.91  1.77  0.31  2.36  0.00  0.01  0.00  0.00  0.00  0.900
        0. 142.50  18.44   77.45 1.672E-10  164.0  -97.8   31.4  45.0   5.5 0.31  7.25 90.51  4.99  1.77  0.32  2.40  0.00  0.01  0.00  0.00  0.00  0.787
        0. 143.00  18.44   77.45 1.582E-10  164.2  -97.8   31.3  45.0   5.5 0.31  7.25 90.39  5.07  1.77  0.32  2.44  0.00  0.01  0.00  0.00  0.00  0.757
        0. 143.50  18.44   77.45 1.496E-10  164.5  -97.9   31.2  45.0   5.5 0.31  7.25 90.26  5.15  1.78  0.32  2.48  0.00  0.01  0.00  0.00  0.00  0.799
        0. 144.00  18.44   77.45 1.415E-10  164.7  -98.0   31.0  45.0   5.5 0.31  7.25 90.13  5.24  1.78  0.33  2.52  0.00  0.01  0.00  0.00  0.00  1.075
        0. 144.50  18.44   77.45 1.339E-10  164.9  -98.1   30.9  45.0   5.5 0.31  7.25 90.00  5.32  1.78  0.33  2.56  0.00  0.01  0.00  0.00  0.00  1.032
        0. 145.00  18.44   77.45 1.266E-10  165.2  -98.2   30.7  45.0   5.5 0.31  7.25 89.87  5.40  1.78  0.33  2.60  0.00  0.01  0.00  0.00  0.00  0.888
        0. 145.50  18.44   77.45 1.199E-10  165.4  -98.2   30.6  45.0   5.5 0.31  7.25 89.74  5.49  1.78  0.34  2.64  0.00  0.01  0.00  0.00  0.00  0.934
        0. 146.00  18.44   77.45 1.137E-10  165.5  -98.3   30.5  45.0   5.5 0.31  7.25 89.61  5.57  1.78  0.34  2.68  0.00  0.01  0.00  0.00  0.00  1.081
        0. 146.50  18.44   77.45 1.078E-10  165.7  -98.4   30.3  45.0   5.5 0.31  7.25 89.47  5.66  1.79  0.34  2.73  0.00  0.01  0.00  0.00  0.00  1.117
        0. 147.00  18.44   77.45 1.022E-10  165.9  -98.4   30.2  45.0   5.5 0.31  7.25 89.27  5.75  1.79  0.35  2.77  0.06  0.01  0.00  0.00  0.00  0.981
        0. 147.50  18.44   77.45 9.686E-11  166.1  -98.5   30.1  45.0   5.5 0.31  7.25 89.04  5.85  1.79  0.35  2.82  0.14  0.01  0.00  0.00  0.00  0.994
        0. 148.00  18.44   77.45 9.182E-11  166.3  -98.6   30.0  45.0   5.5 0.31  7.25 88.82  5.95  1.79  0.36  2.86  0.21  0.01  0.00  0.00  0.00  0.784
        0. 148.50  18.44   77.45 8.705E-11  166.4  -98.6   29.8  45.0   5.5 0.31  7.25 88.59  6.04  1.80  0.36  2.91  0.29  0.01  0.00  0.00  0.00  0.899
        0. 149.00  18.44   77.45 8.252E-11  166.6  -98.7   29.7  45.0   5.5 0.31  7.25 88.36  6.14  1.80  0.37  2.96  0.36  0.01  0.00  0.00  0.00  0.895
        0. 149.50  18.44   77.45 7.823E-11  166.8  -98.7   29.6  45.0   5.5 0.31  7.25 88.13  6.24  1.80  0.37  3.01  0.44  0.01  0.00  0.00  0.00  0.931
        0. 150.00  18.44   77.45 7.416E-11  167.0  -98.8   29.5  45.0   5.5 0.31  7.25 87.90  6.34  1.80  0.37  3.05  0.51  0.01  0.00  0.00  0.00  0.812
        0. 150.50  18.44   77.45 7.037E-11  167.1  -98.8   29.4  45.0   5.5 0.31  7.25 87.64  6.44  1.81  0.38  3.10  0.61  0.01  0.00  0.00  0.00  0.726
        0. 151.00  18.44   77.45 6.681E-11  167.2  -98.9   29.3  45.0   5.5 0.31  7.25 87.35  6.55  1.81  0.38  3.15  0.74  0.01  0.00  0.00  0.00  0.734
        0. 151.50  18.44   77.45 6.344E-11  167.3  -98.9   29.2  45.0   5.5 0.31  7.25 87.06  6.66  1.81  0.39  3.21  0.86  0.02  0.00  0.00  0.00  0.795
        0. 152.00  18.44   77.45 6.023E-11  167.3  -98.9   29.2  45.0   5.5 0.31  7.25 86.77  6.76  1.82  0.39  3.26  0.98  0.02  0.00  0.00  0.00  0.817
        0. 152.50  18.44   77.45 5.719E-11  167.4  -99.0   29.1  45.0   5.5 0.31  7.25 86.48  6.87  1.82  0.39  3.31  1.11  0.02  0.00  0.00  0.00  0.790
        0. 153.00  18.44   77.45 5.430E-11  167.5  -99.0   29.0  45.0   5.5 0.31  7.25 86.19  6.98  1.82  0.40  3.36  1.23  0.02  0.00  0.00  0.00  0.749
        0. 153.50  18.44   77.45 5.156E-11  167.6  -99.0   29.0  45.0   5.5 0.31  7.25 85.90  7.09  1.82  0.40  3.42  1.35  0.02  0.00  0.00  0.00  0.914
        0. 154.00  18.44   77.45 4.896E-11  167.7  -99.1   28.9  45.0   5.5 0.31  7.25 85.60  7.20  1.83  0.41  3.47  1.47  0.02  0.00  0.00  0.00  0.789
        0. 154.50  18.44   77.45 4.649E-11  167.8  -99.1   28.8  45.0   5.5 0.31  7.25 85.31  7.31  1.83  0.41  3.52  1.59  0.02  0.00  0.00  0.00  0.601
        0. 155.00  18.44   77.45 4.414E-11  167.9  -99.1   28.8  45.0   5.5 0.31  7.25 85.02  7.43  1.83  0.42  3.58  1.71  0.02  0.00  0.00  0.00  0.605
        0. 155.50  18.44   77.45 4.194E-11  167.9  -99.1   28.7  45.0   5.5 0.31  7.25 84.70  7.54  1.83  0.42  3.63  1.85  0.02  0.00  0.00  0.00  0.657
        0. 156.00  18.44   77.45 3.987E-11  168.0  -99.2   28.7  45.0   5.5 0.31  7.25 84.35  7.66  1.83  0.43  3.69  2.02  0.02  0.00  0.00  0.00  0.433
        0. 156.50  18.44   77.45 3.790E-11  168.0  -99.2   28.7  45.0   5.5 0.31  7.25 84.00  7.78  1.83  0.43  3.75  2.18  0.02  0.00  0.00  0.00  0.529
        0. 157.00  18.44   77.45 3.603E-11  168.1  -99.2   28.6  45.0   5.5 0.31  7.25 83.65  7.90  1.83  0.43  3.81  2.35  0.02  0.00  0.00  0.00  0.581
        0. 157.50  18.44   77.45 3.425E-11  168.1  -99.2   28.6  45.0   5.5 0.31  7.25 83.30  8.02  1.84  0.44  3.86  2.51  0.03  0.00  0.00  0.00  0.551
        0. 158.00  18.44   77.45 3.256E-11  168.2  -99.2   28.6  45.0   5.5 0.31  7.25 82.96  8.14  1.84  0.44  3.92  2.67  0.03  0.00  0.00  0.00  0.492
        0. 158.50  18.44   77.45 3.095E-11  168.2  -99.2   28.5  45.0   5.5 0.31  7.25 82.61  8.26  1.84  0.45  3.98  2.84  0.03  0.00  0.00  0.00  0.538
        0. 159.00  18.44   77.45 2.942E-11  168.3  -99.3   28.5  45.0   5.5 0.31  7.25 82.26  8.38  1.84  0.45  4.04  3.00  0.03  0.00  0.00  0.00  0.428
        0. 159.50  18.44   77.45 2.797E-11  168.3  -99.3   28.5  45.0   5.5 0.31  7.25 81.92  8.50  1.84  0.46  4.10  3.16  0.03  0.00  0.00  0.00  0.363
        0. 160.00  18.44   77.45 2.659E-11  168.4  -99.3   28.4  45.0   5.5 0.31  7.25 81.57  8.62  1.84  0.46  4.15  3.32  0.03  0.00  0.00  0.00  0.463
        0. 160.50  18.44   77.45 2.531E-11  168.4  -99.3   28.4  45.0   5.5 0.31  7.25 81.18  8.75  1.84  0.47  4.22  3.51  0.03  0.00  0.00  0.00  0.514
        0. 161.00  18.44   77.45 2.410E-11  168.4  -99.3   28.3  45.0   5.5 0.31  7.25 80.75  8.88  1.84  0.47  4.28  3.74  0.04  0.00  0.00  0.00  0.500
        0. 161.50  18.44   77.45 2.295E-11  168.4  -99.3   28.3  45.0   5.5 0.31  7.25 80.33  9.01  1.84  0.47  4.34  3.96  0.04  0.00  0.00  0.00  0.529
        0. 162.00  18.44   77.45 2.185E-11  168.5  -99.3   28.2  45.0   5.5 0.31  7.25 79.91  9.14  1.84  0.48  4.41  4.18  0.04  0.00  0.00  0.00  0.522
        0. 162.50  18.44   77.45 2.081E-11  168.5  -99.3   28.1  45.0   5.5 0.31  7.25 79.48  9.28  1.84  0.48  4.47  4.41  0.04  0.00  0.00  0.00  0.700
        0. 163.00  18.44   77.45 1.982E-11  168.5  -99.3   28.1  45.0   5.5 0.31  7.25 79.06  9.41  1.84  0.49  4.53  4.63  0.04  0.00  0.00  0.00  0.747
        0. 163.50  18.44   77.45 1.887E-11  168.5  -99.3   28.0  45.0   5.5 0.31  7.25 78.64  9.54  1.84  0.49  4.60  4.85  0.04  0.00  0.00  0.00  0.663
        0. 164.00  18.44   77.45 1.797E-11  168.5  -99.4   28.0  45.0   5.5 0.31  7.25 78.22  9.67  1.84  0.50  4.66  5.07  0.05  0.00  0.00  0.00  0.944
        0. 164.50  18.44   77.45 1.712E-11  168.6  -99.4   27.9  45.0   5.5 0.31  7.25 77.80  9.80  1.83  0.50  4.72  5.29  0.05  0.00  0.00  0.00  0.730
        0. 165.00  18.44   77.45 1.630E-11  168.6  -99.4   27.9  45.0   5.5 0.31  7.25 77.38  9.93  1.83  0.51  4.78  5.51  0.05  0.00  0.00  0.00  0.815
        0. 165.50  18.44   77.45 1.554E-11  168.6  -99.4   27.8  45.0   5.5 0.31  7.25 76.92 10.07  1.83  0.51  4.85  5.76  0.05  0.00  0.00  0.00  0.846
        0. 166.00  18.44   77.45 1.482E-11  168.6  -99.4   27.8  45.0   5.5 0.31  7.25 76.43 10.20  1.83  0.51  4.92  6.04  0.05  0.00  0.00  0.00  0.954
        0. 166.50  18.44   77.45 1.414E-11  168.6  -99.4   27.7  45.0   5.5 0.31  7.25 75.94 10.34  1.83  0.52  4.98  6.32  0.06  0.00  0.00  0.00  0.866
        0. 167.00  18.44   77.45 1.348E-11  168.6  -99.4   27.6  45.0   5.5 0.31  7.25 75.46 10.48  1.83  0.52  5.05  6.60  0.06  0.00  0.00  0.00  0.788
        0. 167.50  18.44   77.45 1.286E-11  168.7  -99.4   27.6  45.0   5.5 0.31  7.25 74.97 10.62  1.82  0.53  5.12  6.88  0.06  0.00  0.00  0.00  0.680
        0. 168.00  18.44   77.45 1.227E-11  168.7  -99.4   27.5  45.0   5.5 0.31  7.25 74.49 10.76  1.82  0.53  5.18  7.15  0.06  0.00  0.00  0.00  0.650
        0. 168.50  18.44   77.45 1.170E-11  168.7  -99.4   27.5  45.0   5.5 0.31  7.25 74.00 10.89  1.82  0.54  5.25  7.43  0.07  0.00  0.00  0.00  0.664
        0. 169.00  18.44   77.45 1.116E-11  168.7  -99.4   27.4  45.0   5.5 0.31  7.25 73.52 11.03  1.81  0.54  5.31  7.71  0.07  0.00  0.00  0.00  0.833
        0. 169.50  18.44   77.45 1.065E-11  168.7  -99.4   27.4  45.0   5.5 0.31  7.25 73.05 11.16  1.81  0.54  5.38  7.98  0.07  0.00  0.00  0.00  0.878
        0. 170.00  18.44   77.45 1.016E-11  168.7  -99.4   27.3  45.0   5.5 0.31  7.25 72.57 11.30  1.80  0.55  5.44  8.26  0.08  0.00  0.00  0.00  0.765
        0. 170.50  18.44   77.45 9.699E-12  168.7  -99.4   27.3  45.0   5.5 0.31  7.25 72.05 11.43  1.80  0.55  5.51  8.57  0.08  0.00  0.00  0.00  0.969
        0. 171.00  18.44   77.45 9.269E-12  168.7  -99.4   27.4  45.0   5.5 0.31  7.25 71.50 11.58  1.80  0.56  5.58  8.90  0.08  0.00  0.00  0.00  1.087
        0. 171.50  18.44   77.45 8.858E-12  168.7  -99.4   27.4  45.0   5.5 0.31  7.25 70.95 11.72  1.79  0.56  5.65  9.24  0.09  0.00  0.00  0.00  1.269
        0. 172.00  18.44   77.45 8.466E-12  168.8  -99.4   27.5  45.0   5.5 0.31  7.25 70.40 11.86  1.79  0.56  5.71  9.58  0.09  0.00  0.00  0.00  1.234
        0. 172.50  18.44   77.45 8.092E-12  168.8  -99.4   27.5  45.0   5.5 0.31  7.25 69.85 11.99  1.78  0.57  5.78  9.92  0.09  0.00  0.01  0.00  1.148
        0. 173.00  18.44   77.45 7.734E-12  168.8  -99.4   27.6  45.0   5.5 0.31  7.25 69.31 12.13  1.78  0.57  5.85 10.25  0.10  0.00  0.01  0.00  1.159
        0. 173.50  18.44   77.45 7.393E-12  168.8  -99.4   27.6  45.0   5.5 0.31  7.25 68.77 12.27  1.77  0.58  5.91 10.59  0.10  0.00  0.01  0.00  1.180
        0. 174.00  18.44   77.45 7.067E-12  168.8  -99.4   27.7  45.0   5.5 0.31  7.25 68.23 12.40  1.77  0.58  5.98 10.93  0.10  0.00  0.01  0.00  1.078
        0. 174.50  18.44   77.45 6.755E-12  168.8  -99.4   27.7  45.0   5.5 0.31  7.25 67.70 12.53  1.76  0.58  6.04 11.26  0.11  0.00  0.01  0.00  1.105
        0. 175.00  18.44   77.45 6.457E-12  168.8  -99.4   27.7  45.0   5.5 0.31  7.25 67.17 12.66  1.75  0.59  6.10 11.60  0.11  0.00  0.01  0.00  1.289
        0. 175.50  18.44   77.45 6.178E-12  168.8  -99.4   27.7  45.0   5.5 0.31  7.25 66.63 12.79  1.75  0.59  6.17 11.94  0.12  0.00  0.01  0.00  1.158
        0. 176.00  18.44   77.45 5.915E-12  168.8  -99.5   27.7  45.0   5.5 0.31  7.25 66.10 12.92  1.74  0.59  6.23 12.29  0.12  0.00  0.01  0.00  1.081
        0. 176.50  18.44   77.45 5.663E-12  168.8  -99.5   27.7  45.0   5.5 0.31  7.25 65.56 13.05  1.73  0.60  6.29 12.63  0.13  0.00  0.01  0.00  1.395
        0. 177.00  18.44   77.45 5.422E-12  168.8  -99.5   27.6  45.0   5.5 0.31  7.25 65.03 13.17  1.72  0.60  6.35 12.98  0.13  0.00  0.01  0.00  1.250
        0. 177.50  18.44   77.45 5.191E-12  168.8  -99.5   27.6  45.0   5.5 0.31  7.25 64.51 13.29  1.71  0.60  6.41 13.33  0.14  0.00  0.01  0.00  1.403
        0. 178.00  18.44   77.45 4.970E-12  168.8  -99.5   27.5  45.0   5.5 0.31  7.25 63.98 13.41  1.71  0.60  6.47 13.67  0.14  0.00  0.01  0.00  1.146
        0. 178.50  18.44   77.45 4.759E-12  168.8  -99.5   27.5  45.0   5.5 0.31  7.25 63.47 13.53  1.70  0.61  6.52 14.02  0.15  0.00  0.01  0.00  1.155
        0. 179.00  18.44   77.45 4.557E-12  168.9  -99.5   27.4  45.0   5.5 0.31  7.25 62.95 13.65  1.69  0.61  6.58 14.36  0.15  0.00  0.01  0.00  1.059
        0. 179.50  18.44   77.45 4.364E-12  168.9  -99.5   27.4  45.0   5.5 0.31  7.25 62.44 13.76  1.68  0.61  6.63 14.71  0.16  0.00  0.01  0.00  1.045
        0. 180.00  18.44   77.45 4.179E-12  168.9  -99.5   27.3  45.0   5.5 0.31  7.25 61.93 13.87  1.67  0.61  6.68 15.06  0.16  0.00  0.01  0.00  1.169
        0. 180.50  18.44   77.45 4.008E-12  168.9  -99.5   27.3  45.0   5.5 0.31  7.25 61.50 13.97  1.65  0.61  6.73 15.35  0.17  0.01  0.01  0.00  1.151
        0. 181.00  18.44   77.45 3.850E-12  168.9  -99.5   27.3  45.0   5.5 0.31  7.25 61.12 14.05  1.64  0.61  6.77 15.61  0.18  0.01  0.01  0.00  1.115
        0. 181.50  18.44   77.45 3.697E-12  168.9  -99.5   27.3  45.0   5.5 0.31  7.25 60.75 14.14  1.63  0.62  6.81 15.86  0.18  0.01  0.01  0.00  0.944
        0. 182.00  18.44   77.45 3.551E-12  168.9  -99.5   27.2  45.0   5.5 0.31  7.25 60.38 14.22  1.61  0.62  6.85 16.11  0.19  0.01  0.01  0.00  0.923
        0. 182.50  18.44   77.45 3.410E-12  168.9  -99.5   27.2  45.0   5.5 0.31  7.25 60.02 14.29  1.60  0.62  6.89 16.37  0.20  0.01  0.01  0.00  1.067
        0. 183.00  18.44   77.45 3.276E-12  168.9  -99.5   27.2  45.0   5.5 0.31  7.25 59.66 14.37  1.59  0.62  6.93 16.62  0.20  0.01  0.01  0.00  1.123
        0. 183.50  18.44   77.45 3.146E-12  168.9  -99.5   27.2  45.0   5.5 0.31  7.25 59.30 14.44  1.57  0.62  6.96 16.88  0.21  0.01  0.01  0.00  0.877
        0. 184.00  18.44   77.45 3.022E-12  168.9  -99.5   27.2  45.0   5.5 0.31  7.25 58.96 14.51  1.56  0.62  6.99 17.13  0.22  0.01  0.01  0.00  0.845
        0. 184.50  18.44   77.45 2.903E-12  168.9  -99.5   27.1  45.0   5.5 0.31  7.25 58.61 14.58  1.54  0.62  7.03 17.39  0.22  0.01  0.01  0.00  0.723
        0. 185.00  18.44   77.45 2.788E-12  168.9  -99.5   27.1  45.0   5.5 0.31  7.25 58.27 14.64  1.53  0.62  7.06 17.64  0.23  0.01  0.01  0.00  0.821
        0. 185.50  18.44   77.45 2.678E-12  168.9  -99.5   27.1  45.0   5.5 0.31  7.25 57.85 14.71  1.51  0.62  7.09 17.96  0.24  0.01  0.01  0.00  0.848
        0. 186.00  18.44   77.45 2.574E-12  168.9  -99.5   27.1  45.0   5.5 0.31  7.25 57.36 14.79  1.50  0.62  7.13 18.34  0.25  0.01  0.01  0.00  0.788
        0. 186.50  18.44   77.45 2.473E-12  168.9  -99.5   27.1  45.0   5.5 0.31  7.25 56.88 14.86  1.48  0.62  7.16 18.71  0.25  0.01  0.02  0.00  0.789
        0. 187.00  18.44   77.45 2.377E-12  168.9  -99.5   27.0  45.0   5.5 0.31  7.25 56.40 14.94  1.47  0.62  7.20 19.09  0.26  0.01  0.02  0.00  0.909
        0. 187.50  18.44   77.45 2.284E-12  168.9  -99.5   27.0  45.0   5.5 0.31  7.25 55.93 15.00  1.46  0.62  7.23 19.46  0.27  0.01  0.02  0.00  0.783
        0. 188.00  18.44   77.45 2.195E-12  168.9  -99.5   27.0  45.0   5.5 0.31  7.25 55.46 15.07  1.44  0.62  7.26 19.83  0.28  0.01  0.02  0.00  0.821
        0. 188.50  18.44   77.45 2.109E-12  168.9  -99.5   27.0  45.0   5.5 0.31  7.25 55.00 15.13  1.43  0.62  7.29 20.21  0.29  0.01  0.02  0.00  0.783
        0. 189.00  18.44   77.45 2.027E-12  168.9  -99.5   26.9  45.0   5.5 0.31  7.25 54.55 15.19  1.41  0.62  7.32 20.58  0.30  0.01  0.02  0.00  0.595
        0. 189.50  18.44   77.45 1.948E-12  168.9  -99.5   26.9  45.0   5.5 0.31  7.25 54.10 15.25  1.40  0.62  7.35 20.95  0.31  0.01  0.02  0.00  0.363
        0. 190.00  18.44   77.45 1.873E-12  168.9  -99.5   26.9  45.0   5.5 0.31  7.25 53.65 15.30  1.38  0.61  7.37 21.33  0.32  0.01  0.02  0.00  0.422
        0. 190.50  18.44   77.45 1.801E-12  168.9  -99.5   26.9  45.0   5.5 0.31  7.25 53.25 15.34  1.37  0.61  7.39 21.68  0.33  0.01  0.02  0.00  0.437
        0. 191.00  18.44   77.45 1.734E-12  168.9  -99.5   26.9  45.0   5.5 0.31  7.25 52.87 15.38  1.35  0.61  7.41 22.00  0.34  0.01  0.02  0.00  0.414
        0. 191.50  18.44   77.45 1.669E-12  168.9  -99.5   26.9  45.0   5.5 0.31  7.25 52.50 15.41  1.34  0.61  7.43 22.33  0.35  0.01  0.02  0.00  0.373
        0. 192.00  18.44   77.45 1.606E-12  168.9  -99.5   26.9  45.0   5.5 0.31  7.25 52.14 15.44  1.32  0.61  7.44 22.66  0.36  0.01  0.02  0.00  0.234
        0. 192.50  18.44   77.45 1.546E-12  168.9  -99.5   26.9  45.0   5.5 0.31  7.25 51.78 15.46  1.30  0.61  7.45 22.98  0.37  0.01  0.02  0.00  0.356
        0. 193.00  18.44   77.45 1.488E-12  168.9  -99.5   26.9  45.0   5.5 0.31  7.25 51.43 15.48  1.29  0.60  7.46 23.31  0.38  0.01  0.02  0.00  0.254
        0. 193.50  18.44   77.45 1.433E-12  168.9  -99.5   26.9  45.0   5.5 0.31  7.25 51.08 15.50  1.27  0.60  7.47 23.64  0.40  0.01  0.03  0.00  0.140
        0. 194.00  18.44   77.45 1.379E-12  168.9  -99.5   26.9  45.0   5.5 0.31  7.25 50.74 15.52  1.25  0.60  7.48 23.96  0.41  0.01  0.03  0.00  0.100
        0. 194.50  18.44   77.45 1.328E-12  168.9  -99.5   26.9  45.0   5.5 0.31  7.25 50.40 15.53  1.24  0.60  7.49 24.29  0.42  0.01  0.03  0.00  0.100
        0. 195.00  18.44   77.45 1.278E-12  168.9  -99.5   26.9  45.0   5.5 0.31  7.25 50.07 15.54  1.22  0.60  7.49 24.61  0.43  0.01  0.03  0.00  0.139
        0. 195.50  18.44   77.45 1.232E-12  168.9  -99.5   26.9  45.0   5.5 0.31  7.25 49.73 15.54  1.20  0.59  7.49 24.94  0.44  0.01  0.03  0.00  0.158
        0. 196.00  18.44   77.45 1.188E-12  168.9  -99.5   26.9  45.0   5.5 0.31  7.25 49.39 15.55  1.19  0.59  7.50 25.28  0.46  0.01  0.03  0.00  0.309
        0. 196.50  18.44   77.45 1.146E-12  168.9  -99.5   26.9  45.0   5.5 0.31  7.25 49.05 15.55  1.17  0.59  7.50 25.62  0.47  0.02  0.03  0.00  0.128
        0. 197.00  18.44   77.45 1.105E-12  168.9  -99.5   26.9  45.0   5.5 0.31  7.25 48.72 15.55  1.15  0.58  7.50 25.96  0.48  0.02  0.03  0.00  0.256
        0. 197.50  18.44   77.45 1.066E-12  168.9  -99.5   26.9  45.0   5.5 0.31  7.25 48.40 15.54  1.14  0.58  7.49 26.30  0.50  0.02  0.03  0.00  0.387
        0. 198.00  18.44   77.45 1.028E-12  168.9  -99.5   26.9  45.0   5.5 0.31  7.25 48.08 15.53  1.12  0.58  7.49 26.63  0.51  0.02  0.03  0.00  0.567
        0. 198.50  18.44   77.45 9.921E-13  168.9  -99.5   26.9  45.0   5.5 0.31  7.25 47.76 15.52  1.10  0.58  7.48 26.97  0.53  0.02  0.03  0.00  0.662
        0. 199.00  18.44   77.45 9.570E-13  168.9  -99.5   26.9  45.0   5.5 0.31  7.25 47.45 15.51  1.09  0.57  7.48 27.31  0.54  0.02  0.04  0.00  0.588
        0. 199.50  18.44   77.45 9.232E-13  168.9  -99.5   26.9  45.0   5.5 0.31  7.25 47.15 15.49  1.07  0.57  7.47 27.64  0.56  0.02  0.04  0.00  0.695
        0. 200.00  18.44   77.45 8.906E-13  168.9  -99.5   26.9  45.0   5.5 0.31  7.25 46.85 15.47  1.06  0.57  7.46 27.97  0.57  0.02  0.04  0.00  0.697
