ModelWeb Browser Results

nrlmsise model listing
Required input parameters
Year= 2021, Month=  4, Day=  1, Hour=21.00,
Time_type = Universal
Coordinate_type = Geographic
Latitude=   40.00, Longitude=   40.00, Height=   100.00
Prof. parameters: Start=     0.00 Stop=   500.00 Step=     0.50

Optional input parameters:

Sunspot number(Rz12) =not specified
Ionospheric index(IG12) =not specified
Upper limit for Electron content = not specified
F peak model =  
Ne Topside =  
foF2 Storm model =  
Bottomside Thickness =  
F1 occurrence probability =  
D-Region Ne =  
Topside Te =  
Ion Composition =  

Selected output parameters:
1  Height, km
2  Mass_density, g/cm-3
3  Temperature_neutral, K

1         2         3         
    0.0 1.233E-03  286.4
    0.5 1.168E-03  284.8
    1.0 1.108E-03  282.7
    1.5 1.052E-03  280.1
    2.0 1.000E-03  277.2
    2.5 9.516E-04  274.0
    3.0 9.053E-04  270.5
    3.5 8.613E-04  266.8
    4.0 8.192E-04  263.1
    4.5 7.788E-04  259.2
    5.0 7.399E-04  255.4
    5.5 7.023E-04  251.5
    6.0 6.660E-04  247.8
    6.5 6.307E-04  244.1
    7.0 5.965E-04  240.6
    7.5 5.634E-04  237.2
    8.0 5.313E-04  234.0
    8.5 5.002E-04  231.0
    9.0 4.701E-04  228.2
    9.5 4.410E-04  225.7
   10.0 4.131E-04  223.4
   10.5 3.861E-04  221.4
   11.0 3.604E-04  219.6
   11.5 3.358E-04  218.0
   12.0 3.125E-04  216.7
   12.5 2.904E-04  215.5
   13.0 2.696E-04  214.5
   13.5 2.500E-04  213.7
   14.0 2.316E-04  213.0
   14.5 2.143E-04  212.5
   15.0 1.982E-04  212.1
   15.5 1.832E-04  211.8
   16.0 1.692E-04  211.6
   16.5 1.562E-04  211.6
   17.0 1.442E-04  211.6
   17.5 1.330E-04  211.7
   18.0 1.226E-04  211.9
   18.5 1.131E-04  212.2
   19.0 1.042E-04  212.5
   19.5 9.606E-05  212.9
   20.0 8.854E-05  213.3
   20.5 8.160E-05  213.7
   21.0 7.521E-05  214.2
   21.5 6.933E-05  214.7
   22.0 6.391E-05  215.3
   22.5 5.891E-05  215.9
   23.0 5.432E-05  216.5
   23.5 5.008E-05  217.2
   24.0 4.618E-05  217.9
   24.5 4.259E-05  218.6
   25.0 3.929E-05  219.3
   25.5 3.625E-05  220.1
   26.0 3.345E-05  220.9
   26.5 3.087E-05  221.8
   27.0 2.849E-05  222.6
   27.5 2.630E-05  223.5
   28.0 2.429E-05  224.5
   28.5 2.244E-05  225.4
   29.0 2.073E-05  226.4
   29.5 1.916E-05  227.4
   30.0 1.771E-05  228.4
   30.5 1.637E-05  229.4
   31.0 1.514E-05  230.5
   31.5 1.401E-05  231.6
   32.0 1.296E-05  232.7
   32.5 1.200E-05  233.8
   33.0 1.111E-05  235.0
   33.5 1.028E-05  236.4
   34.0 9.517E-06  237.8
   34.5 8.809E-06  239.3
   35.0 8.155E-06  241.0
   35.5 7.552E-06  242.7
   36.0 6.994E-06  244.5
   36.5 6.480E-06  246.4
   37.0 6.006E-06  248.3
   37.5 5.570E-06  250.2
   38.0 5.167E-06  252.2
   38.5 4.796E-06  254.2
   39.0 4.455E-06  256.2
   39.5 4.141E-06  258.1
   40.0 3.851E-06  260.1
   40.5 3.585E-06  262.0
   41.0 3.339E-06  263.8
   41.5 3.113E-06  265.5
   42.0 2.905E-06  267.1
   42.5 2.713E-06  268.5
   43.0 2.536E-06  269.8
   43.5 2.373E-06  270.9
   44.0 2.223E-06  271.9
   44.5 2.084E-06  272.6
   45.0 1.956E-06  273.0
   45.5 1.838E-06  273.3
   46.0 1.728E-06  273.2
   46.5 1.627E-06  273.0
   47.0 1.532E-06  272.5
   47.5 1.444E-06  271.8
   48.0 1.361E-06  271.0
   48.5 1.284E-06  270.0
   49.0 1.211E-06  268.9
   49.5 1.143E-06  267.6
   50.0 1.079E-06  266.2
   50.5 1.018E-06  264.8
   51.0 9.611E-07  263.3
   51.5 9.069E-07  261.7
   52.0 8.557E-07  260.1
   52.5 8.070E-07  258.5
   53.0 7.609E-07  256.8
   53.5 7.172E-07  255.2
   54.0 6.756E-07  253.6
   54.5 6.362E-07  252.1
   55.0 5.987E-07  250.5
   55.5 5.631E-07  249.1
   56.0 5.293E-07  247.7
   56.5 4.973E-07  246.3
   57.0 4.670E-07  245.0
   57.5 4.383E-07  243.8
   58.0 4.111E-07  242.5
   58.5 3.855E-07  241.4
   59.0 3.613E-07  240.2
   59.5 3.385E-07  239.1
   60.0 3.170E-07  238.0
   60.5 2.967E-07  237.0
   61.0 2.776E-07  236.0
   61.5 2.596E-07  235.0
   62.0 2.428E-07  234.0
   62.5 2.269E-07  233.0
   63.0 2.120E-07  232.1
   63.5 1.980E-07  231.2
   64.0 1.849E-07  230.3
   64.5 1.725E-07  229.4
   65.0 1.610E-07  228.5
   65.5 1.502E-07  227.7
   66.0 1.401E-07  226.8
   66.5 1.306E-07  226.0
   67.0 1.217E-07  225.1
   67.5 1.134E-07  224.3
   68.0 1.056E-07  223.4
   68.5 9.838E-08  222.6
   69.0 9.160E-08  221.8
   69.5 8.527E-08  220.9
   70.0 7.935E-08  220.1
   70.5 7.382E-08  219.2
   71.0 6.867E-08  218.4
   71.5 6.386E-08  217.5
   72.0 5.937E-08  216.6
   72.5 5.518E-08  215.8
   73.0 5.130E-08  214.9
   73.5 4.764E-08  214.1
   74.0 4.423E-08  213.2
   74.5 4.105E-08  212.5
   75.0 3.808E-08  211.7
   75.5 3.531E-08  211.0
   76.0 3.274E-08  210.2
   76.5 3.034E-08  209.6
   77.0 2.810E-08  208.9
   77.5 2.603E-08  208.2
   78.0 2.409E-08  207.6
   78.5 2.230E-08  207.0
   79.0 2.063E-08  206.4
   79.5 1.908E-08  205.8
   80.0 1.765E-08  205.2
   80.5 1.631E-08  204.7
   81.0 1.508E-08  204.1
   81.5 1.393E-08  203.6
   82.0 1.287E-08  203.1
   82.5 1.188E-08  202.6
   83.0 1.097E-08  202.1
   83.5 1.013E-08  201.6
   84.0 9.346E-09  201.1
   84.5 8.623E-09  200.7
   85.0 7.955E-09  200.2
   85.5 7.337E-09  199.8
   86.0 6.765E-09  199.3
   86.5 6.237E-09  198.9
   87.0 5.749E-09  198.5
   87.5 5.299E-09  198.0
   88.0 4.883E-09  197.6
   88.5 4.499E-09  197.2
   89.0 4.144E-09  196.8
   89.5 3.817E-09  196.4
   90.0 3.516E-09  196.0
   90.5 3.238E-09  195.6
   91.0 2.981E-09  195.2
   91.5 2.744E-09  194.8
   92.0 2.526E-09  194.5
   92.5 2.325E-09  194.1
   93.0 2.139E-09  193.8
   93.5 1.968E-09  193.5
   94.0 1.810E-09  193.2
   94.5 1.665E-09  192.9
   95.0 1.530E-09  192.7
   95.5 1.407E-09  192.5
   96.0 1.293E-09  192.3
   96.5 1.188E-09  192.2
   97.0 1.091E-09  192.2
   97.5 1.002E-09  192.1
   98.0 9.205E-10  192.2
   98.5 8.452E-10  192.3
   99.0 7.758E-10  192.4
   99.5 7.120E-10  192.6
  100.0 6.533E-10  192.9
  100.5 5.993E-10  193.2
  101.0 5.497E-10  193.6
  101.5 5.042E-10  194.1
  102.0 4.623E-10  194.7
  102.5 4.239E-10  195.3
  103.0 3.887E-10  196.1
  103.5 3.563E-10  196.9
  104.0 3.266E-10  197.8
  104.5 2.994E-10  198.9
  105.0 2.744E-10  200.0
  105.5 2.515E-10  201.3
  106.0 2.306E-10  202.7
  106.5 2.114E-10  204.2
  107.0 1.938E-10  205.8
  107.5 1.776E-10  207.6
  108.0 1.629E-10  209.6
  108.5 1.493E-10  211.7
  109.0 1.370E-10  214.0
  109.5 1.256E-10  216.4
  110.0 1.152E-10  219.1
  110.5 1.057E-10  222.1
  111.0 9.702E-11  225.2
  111.5 8.906E-11  228.6
  112.0 8.178E-11  232.2
  112.5 7.512E-11  236.0
  113.0 6.905E-11  240.1
  113.5 6.349E-11  244.4
  114.0 5.842E-11  248.9
  114.5 5.379E-11  253.8
  115.0 4.956E-11  258.8
  115.5 4.570E-11  264.1
  116.0 4.217E-11  269.6
  116.5 3.894E-11  275.4
  117.0 3.600E-11  281.5
  117.5 3.330E-11  287.7
  118.0 3.084E-11  294.2
  118.5 2.859E-11  301.0
  119.0 2.654E-11  307.9
  119.5 2.466E-11  315.0
  120.0 2.294E-11  322.3
  120.5 2.136E-11  329.7
  121.0 1.993E-11  337.2
  121.5 1.861E-11  344.8
  122.0 1.741E-11  352.4
  122.5 1.631E-11  359.9
  123.0 1.530E-11  367.4
  123.5 1.444E-11  373.1
  124.0 1.361E-11  379.8
  124.5 1.285E-11  386.3
  125.0 1.214E-11  392.8
  125.5 1.149E-11  399.1
  126.0 1.089E-11  405.3
  126.5 1.033E-11  411.3
  127.0 9.805E-12  417.2
  127.5 9.321E-12  423.0
  128.0 8.869E-12  428.7
  128.5 8.448E-12  434.3
  129.0 8.054E-12  439.8
  129.5 7.685E-12  445.1
  130.0 7.339E-12  450.4
  130.5 7.015E-12  455.5
  131.0 6.710E-12  460.6
  131.5 6.423E-12  465.5
  132.0 6.152E-12  470.3
  132.5 5.897E-12  475.1
  133.0 5.657E-12  479.7
  133.5 5.429E-12  484.3
  134.0 5.214E-12  488.7
  134.5 5.011E-12  493.1
  135.0 4.818E-12  497.4
  135.5 4.635E-12  501.6
  136.0 4.462E-12  505.7
  136.5 4.297E-12  509.7
  137.0 4.140E-12  513.7
  137.5 3.991E-12  517.6
  138.0 3.849E-12  521.4
  138.5 3.714E-12  525.1
  139.0 3.585E-12  528.7
  139.5 3.462E-12  532.3
  140.0 3.344E-12  535.8
  140.5 3.232E-12  539.2
  141.0 3.125E-12  542.6
  141.5 3.022E-12  545.9
  142.0 2.924E-12  549.1
  142.5 2.830E-12  552.3
  143.0 2.740E-12  555.4
  143.5 2.654E-12  558.4
  144.0 2.571E-12  561.4
  144.5 2.492E-12  564.3
  145.0 2.416E-12  567.1
  145.5 2.342E-12  569.9
  146.0 2.272E-12  572.7
  146.5 2.204E-12  575.4
  147.0 2.139E-12  578.0
  147.5 2.077E-12  580.6
  148.0 2.016E-12  583.1
  148.5 1.958E-12  585.6
  149.0 1.903E-12  588.0
  149.5 1.849E-12  590.4
  150.0 1.797E-12  592.8
  150.5 1.747E-12  595.1
  151.0 1.698E-12  597.3
  151.5 1.652E-12  599.5
  152.0 1.607E-12  601.7
  152.5 1.563E-12  603.8
  153.0 1.521E-12  605.8
  153.5 1.481E-12  607.9
  154.0 1.441E-12  609.8
  154.5 1.404E-12  611.8
  155.0 1.367E-12  613.7
  155.5 1.331E-12  615.6
  156.0 1.297E-12  617.4
  156.5 1.264E-12  619.2
  157.0 1.232E-12  621.0
  157.5 1.200E-12  622.7
  158.0 1.170E-12  624.4
  158.5 1.141E-12  626.0
  159.0 1.112E-12  627.7
  159.5 1.085E-12  629.3
  160.0 1.058E-12  630.8
  160.5 1.032E-12  632.4
  161.0 1.007E-12  633.9
  161.5 9.828E-13  635.3
  162.0 9.592E-13  636.8
  162.5 9.362E-13  638.2
  163.0 9.139E-13  639.6
  163.5 8.922E-13  640.9
  164.0 8.712E-13  642.2
  164.5 8.508E-13  643.5
  165.0 8.309E-13  644.8
  165.5 8.116E-13  646.1
  166.0 7.928E-13  647.3
  166.5 7.746E-13  648.5
  167.0 7.568E-13  649.7
  167.5 7.396E-13  650.8
  168.0 7.228E-13  652.0
  168.5 7.064E-13  653.1
  169.0 6.905E-13  654.2
  169.5 6.751E-13  655.2
  170.0 6.600E-13  656.3
  170.5 6.453E-13  657.3
  171.0 6.311E-13  658.3
  171.5 6.171E-13  659.3
  172.0 6.036E-13  660.3
  172.5 5.904E-13  661.2
  173.0 5.775E-13  662.1
  173.5 5.650E-13  663.0
  174.0 5.528E-13  663.9
  174.5 5.409E-13  664.8
  175.0 5.293E-13  665.7
  175.5 5.180E-13  666.5
  176.0 5.069E-13  667.3
  176.5 4.962E-13  668.1
  177.0 4.857E-13  668.9
  177.5 4.755E-13  669.7
  178.0 4.655E-13  670.4
  178.5 4.557E-13  671.2
  179.0 4.462E-13  671.9
  179.5 4.370E-13  672.6
  180.0 4.279E-13  673.3
  180.5 4.191E-13  674.0
  181.0 4.105E-13  674.7
  181.5 4.020E-13  675.3
  182.0 3.938E-13  676.0
  182.5 3.858E-13  676.6
  183.0 3.780E-13  677.2
  183.5 3.703E-13  677.8
  184.0 3.628E-13  678.4
  184.5 3.555E-13  679.0
  185.0 3.484E-13  679.6
  185.5 3.414E-13  680.2
  186.0 3.346E-13  680.7
  186.5 3.279E-13  681.3
  187.0 3.214E-13  681.8
  187.5 3.151E-13  682.3
  188.0 3.089E-13  682.8
  188.5 3.028E-13  683.3
  189.0 2.969E-13  683.8
  189.5 2.910E-13  684.3
  190.0 2.854E-13  684.7
  190.5 2.798E-13  685.2
  191.0 2.744E-13  685.7
  191.5 2.691E-13  686.1
  192.0 2.639E-13  686.5
  192.5 2.588E-13  687.0
  193.0 2.538E-13  687.4
  193.5 2.490E-13  687.8
  194.0 2.442E-13  688.2
  194.5 2.396E-13  688.6
  195.0 2.350E-13  689.0
  195.5 2.306E-13  689.3
  196.0 2.262E-13  689.7
  196.5 2.219E-13  690.1
  197.0 2.178E-13  690.4
  197.5 2.137E-13  690.8
  198.0 2.097E-13  691.1
  198.5 2.058E-13  691.5
  199.0 2.019E-13  691.8
  199.5 1.982E-13  692.1
  200.0 1.945E-13  692.4
  200.5 1.909E-13  692.7
  201.0 1.874E-13  693.0
  201.5 1.839E-13  693.3
  202.0 1.805E-13  693.6
  202.5 1.772E-13  693.9
  203.0 1.740E-13  694.2
  203.5 1.708E-13  694.5
  204.0 1.677E-13  694.7
  204.5 1.647E-13  695.0
  205.0 1.617E-13  695.2
  205.5 1.587E-13  695.5
  206.0 1.559E-13  695.8
  206.5 1.531E-13  696.0
  207.0 1.503E-13  696.2
  207.5 1.476E-13  696.5
  208.0 1.450E-13  696.7
  208.5 1.424E-13  696.9
  209.0 1.399E-13  697.1
  209.5 1.374E-13  697.4
  210.0 1.349E-13  697.6
  210.5 1.325E-13  697.8
  211.0 1.302E-13  698.0
  211.5 1.279E-13  698.2
  212.0 1.257E-13  698.4
  212.5 1.234E-13  698.6
  213.0 1.213E-13  698.8
  213.5 1.192E-13  698.9
  214.0 1.171E-13  699.1
  214.5 1.150E-13  699.3
  215.0 1.130E-13  699.5
  215.5 1.111E-13  699.6
  216.0 1.092E-13  699.8
  216.5 1.073E-13  700.0
  217.0 1.054E-13  700.1
  217.5 1.036E-13  700.3
  218.0 1.018E-13  700.5
  218.5 1.001E-13  700.6
  219.0 9.837E-14  700.8
  219.5 9.669E-14  700.9
  220.0 9.504E-14  701.0
  220.5 9.342E-14  701.2
  221.0 9.184E-14  701.3
  221.5 9.028E-14  701.5
  222.0 8.875E-14  701.6
  222.5 8.726E-14  701.7
  223.0 8.578E-14  701.8
  223.5 8.434E-14  702.0
  224.0 8.292E-14  702.1
  224.5 8.153E-14  702.2
  225.0 8.017E-14  702.3
  225.5 7.883E-14  702.4
  226.0 7.752E-14  702.6
  226.5 7.623E-14  702.7
  227.0 7.496E-14  702.8
  227.5 7.372E-14  702.9
  228.0 7.250E-14  703.0
  228.5 7.130E-14  703.1
  229.0 7.013E-14  703.2
  229.5 6.897E-14  703.3
  230.0 6.784E-14  703.4
  230.5 6.673E-14  703.5
  231.0 6.563E-14  703.6
  231.5 6.456E-14  703.7
  232.0 6.351E-14  703.7
  232.5 6.247E-14  703.8
  233.0 6.146E-14  703.9
  233.5 6.046E-14  704.0
  234.0 5.948E-14  704.1
  234.5 5.852E-14  704.2
  235.0 5.757E-14  704.2
  235.5 5.665E-14  704.3
  236.0 5.574E-14  704.4
  236.5 5.484E-14  704.5
  237.0 5.396E-14  704.5
  237.5 5.310E-14  704.6
  238.0 5.225E-14  704.7
  238.5 5.142E-14  704.8
  239.0 5.060E-14  704.8
  239.5 4.979E-14  704.9
  240.0 4.900E-14  705.0
  240.5 4.823E-14  705.0
  241.0 4.746E-14  705.1
  241.5 4.671E-14  705.1
  242.0 4.598E-14  705.2
  242.5 4.525E-14  705.3
  243.0 4.454E-14  705.3
  243.5 4.384E-14  705.4
  244.0 4.316E-14  705.4
  244.5 4.248E-14  705.5
  245.0 4.182E-14  705.5
  245.5 4.117E-14  705.6
  246.0 4.052E-14  705.6
  246.5 3.990E-14  705.7
  247.0 3.928E-14  705.7
  247.5 3.867E-14  705.8
  248.0 3.807E-14  705.8
  248.5 3.748E-14  705.9
  249.0 3.690E-14  705.9
  249.5 3.634E-14  706.0
  250.0 3.578E-14  706.0
  250.5 3.523E-14  706.1
  251.0 3.469E-14  706.1
  251.5 3.416E-14  706.1
  252.0 3.364E-14  706.2
  252.5 3.312E-14  706.2
  253.0 3.262E-14  706.3
  253.5 3.212E-14  706.3
  254.0 3.164E-14  706.3
  254.5 3.116E-14  706.4
  255.0 3.068E-14  706.4
  255.5 3.022E-14  706.4
  256.0 2.977E-14  706.5
  256.5 2.932E-14  706.5
  257.0 2.888E-14  706.5
  257.5 2.844E-14  706.6
  258.0 2.802E-14  706.6
  258.5 2.760E-14  706.6
  259.0 2.718E-14  706.7
  259.5 2.678E-14  706.7
  260.0 2.638E-14  706.7
  260.5 2.599E-14  706.8
  261.0 2.560E-14  706.8
  261.5 2.522E-14  706.8
  262.0 2.485E-14  706.8
  262.5 2.448E-14  706.9
  263.0 2.412E-14  706.9
  263.5 2.376E-14  706.9
  264.0 2.341E-14  707.0
  264.5 2.306E-14  707.0
  265.0 2.273E-14  707.0
  265.5 2.239E-14  707.0
  266.0 2.206E-14  707.0
  266.5 2.174E-14  707.1
  267.0 2.142E-14  707.1
  267.5 2.111E-14  707.1
  268.0 2.080E-14  707.1
  268.5 2.050E-14  707.2
  269.0 2.020E-14  707.2
  269.5 1.991E-14  707.2
  270.0 1.962E-14  707.2
  270.5 1.934E-14  707.2
  271.0 1.906E-14  707.3
  271.5 1.878E-14  707.3
  272.0 1.851E-14  707.3
  272.5 1.824E-14  707.3
  273.0 1.798E-14  707.3
  273.5 1.772E-14  707.4
  274.0 1.747E-14  707.4
  274.5 1.722E-14  707.4
  275.0 1.697E-14  707.4
  275.5 1.673E-14  707.4
  276.0 1.649E-14  707.4
  276.5 1.626E-14  707.5
  277.0 1.602E-14  707.5
  277.5 1.580E-14  707.5
  278.0 1.557E-14  707.5
  278.5 1.535E-14  707.5
  279.0 1.513E-14  707.5
  279.5 1.492E-14  707.5
  280.0 1.471E-14  707.6
  280.5 1.450E-14  707.6
  281.0 1.430E-14  707.6
  281.5 1.410E-14  707.6
  282.0 1.390E-14  707.6
  282.5 1.370E-14  707.6
  283.0 1.351E-14  707.6
  283.5 1.332E-14  707.6
  284.0 1.314E-14  707.7
  284.5 1.295E-14  707.7
  285.0 1.277E-14  707.7
  285.5 1.259E-14  707.7
  286.0 1.242E-14  707.7
  286.5 1.225E-14  707.7
  287.0 1.208E-14  707.7
  287.5 1.191E-14  707.7
  288.0 1.174E-14  707.7
  288.5 1.158E-14  707.7
  289.0 1.142E-14  707.8
  289.5 1.126E-14  707.8
  290.0 1.111E-14  707.8
  290.5 1.095E-14  707.8
  291.0 1.080E-14  707.8
  291.5 1.066E-14  707.8
  292.0 1.051E-14  707.8
  292.5 1.037E-14  707.8
  293.0 1.022E-14  707.8
  293.5 1.008E-14  707.8
  294.0 9.946E-15  707.8
  294.5 9.810E-15  707.9
  295.0 9.676E-15  707.9
  295.5 9.544E-15  707.9
  296.0 9.414E-15  707.9
  296.5 9.286E-15  707.9
  297.0 9.160E-15  707.9
  297.5 9.036E-15  707.9
  298.0 8.914E-15  707.9
  298.5 8.793E-15  707.9
  299.0 8.674E-15  707.9
  299.5 8.557E-15  707.9
  300.0 8.442E-15  707.9
  300.5 8.328E-15  707.9
  301.0 8.216E-15  707.9
  301.5 8.105E-15  707.9
  302.0 7.996E-15  708.0
  302.5 7.889E-15  708.0
  303.0 7.783E-15  708.0
  303.5 7.679E-15  708.0
  304.0 7.576E-15  708.0
  304.5 7.475E-15  708.0
  305.0 7.375E-15  708.0
  305.5 7.277E-15  708.0
  306.0 7.180E-15  708.0
  306.5 7.084E-15  708.0
  307.0 6.990E-15  708.0
  307.5 6.897E-15  708.0
  308.0 6.806E-15  708.0
  308.5 6.716E-15  708.0
  309.0 6.627E-15  708.0
  309.5 6.539E-15  708.0
  310.0 6.452E-15  708.0
  310.5 6.367E-15  708.0
  311.0 6.283E-15  708.0
  311.5 6.200E-15  708.0
  312.0 6.119E-15  708.0
  312.5 6.038E-15  708.1
  313.0 5.959E-15  708.1
  313.5 5.880E-15  708.1
  314.0 5.803E-15  708.1
  314.5 5.727E-15  708.1
  315.0 5.652E-15  708.1
  315.5 5.578E-15  708.1
  316.0 5.505E-15  708.1
  316.5 5.433E-15  708.1
  317.0 5.362E-15  708.1
  317.5 5.293E-15  708.1
  318.0 5.224E-15  708.1
  318.5 5.156E-15  708.1
  319.0 5.089E-15  708.1
  319.5 5.022E-15  708.1
  320.0 4.957E-15  708.1
  320.5 4.893E-15  708.1
  321.0 4.829E-15  708.1
  321.5 4.767E-15  708.1
  322.0 4.705E-15  708.1
  322.5 4.644E-15  708.1
  323.0 4.584E-15  708.1
  323.5 4.525E-15  708.1
  324.0 4.467E-15  708.1
  324.5 4.409E-15  708.1
  325.0 4.353E-15  708.1
  325.5 4.297E-15  708.1
  326.0 4.241E-15  708.1
  326.5 4.187E-15  708.1
  327.0 4.133E-15  708.1
  327.5 4.080E-15  708.1
  328.0 4.028E-15  708.1
  328.5 3.976E-15  708.1
  329.0 3.926E-15  708.1
  329.5 3.875E-15  708.1
  330.0 3.826E-15  708.2
  330.5 3.777E-15  708.2
  331.0 3.729E-15  708.2
  331.5 3.681E-15  708.2
  332.0 3.635E-15  708.2
  332.5 3.588E-15  708.2
  333.0 3.543E-15  708.2
  333.5 3.498E-15  708.2
  334.0 3.453E-15  708.2
  334.5 3.410E-15  708.2
  335.0 3.366E-15  708.2
  335.5 3.324E-15  708.2
  336.0 3.282E-15  708.2
  336.5 3.240E-15  708.2
  337.0 3.199E-15  708.2
  337.5 3.159E-15  708.2
  338.0 3.119E-15  708.2
  338.5 3.080E-15  708.2
  339.0 3.041E-15  708.2
  339.5 3.003E-15  708.2
  340.0 2.965E-15  708.2
  340.5 2.928E-15  708.2
  341.0 2.891E-15  708.2
  341.5 2.855E-15  708.2
  342.0 2.819E-15  708.2
  342.5 2.783E-15  708.2
  343.0 2.749E-15  708.2
  343.5 2.714E-15  708.2
  344.0 2.680E-15  708.2
  344.5 2.647E-15  708.2
  345.0 2.614E-15  708.2
  345.5 2.581E-15  708.2
  346.0 2.549E-15  708.2
  346.5 2.517E-15  708.2
  347.0 2.486E-15  708.2
  347.5 2.455E-15  708.2
  348.0 2.424E-15  708.2
  348.5 2.394E-15  708.2
  349.0 2.365E-15  708.2
  349.5 2.335E-15  708.2
  350.0 2.306E-15  708.2
  350.5 2.278E-15  708.2
  351.0 2.249E-15  708.2
  351.5 2.222E-15  708.2
  352.0 2.194E-15  708.2
  352.5 2.167E-15  708.2
  353.0 2.140E-15  708.2
  353.5 2.114E-15  708.2
  354.0 2.088E-15  708.2
  354.5 2.062E-15  708.2
  355.0 2.037E-15  708.2
  355.5 2.011E-15  708.2
  356.0 1.987E-15  708.2
  356.5 1.962E-15  708.2
  357.0 1.938E-15  708.2
  357.5 1.914E-15  708.2
  358.0 1.891E-15  708.2
  358.5 1.868E-15  708.2
  359.0 1.845E-15  708.2
  359.5 1.822E-15  708.2
  360.0 1.800E-15  708.2
  360.5 1.778E-15  708.2
  361.0 1.756E-15  708.2
  361.5 1.735E-15  708.2
  362.0 1.713E-15  708.2
  362.5 1.693E-15  708.2
  363.0 1.672E-15  708.2
  363.5 1.652E-15  708.2
  364.0 1.631E-15  708.2
  364.5 1.612E-15  708.2
  365.0 1.592E-15  708.2
  365.5 1.573E-15  708.2
  366.0 1.553E-15  708.2
  366.5 1.535E-15  708.2
  367.0 1.516E-15  708.2
  367.5 1.498E-15  708.2
  368.0 1.479E-15  708.2
  368.5 1.461E-15  708.2
  369.0 1.444E-15  708.2
  369.5 1.426E-15  708.2
  370.0 1.409E-15  708.2
  370.5 1.392E-15  708.2
  371.0 1.375E-15  708.2
  371.5 1.359E-15  708.2
  372.0 1.342E-15  708.2
  372.5 1.326E-15  708.2
  373.0 1.310E-15  708.2
  373.5 1.294E-15  708.2
  374.0 1.279E-15  708.2
  374.5 1.263E-15  708.2
  375.0 1.248E-15  708.2
  375.5 1.233E-15  708.2
  376.0 1.218E-15  708.2
  376.5 1.204E-15  708.2
  377.0 1.189E-15  708.2
  377.5 1.175E-15  708.2
  378.0 1.161E-15  708.2
  378.5 1.147E-15  708.2
  379.0 1.133E-15  708.2
  379.5 1.120E-15  708.2
  380.0 1.106E-15  708.2
  380.5 1.093E-15  708.2
  381.0 1.080E-15  708.2
  381.5 1.067E-15  708.2
  382.0 1.054E-15  708.2
  382.5 1.042E-15  708.2
  383.0 1.029E-15  708.2
  383.5 1.017E-15  708.2
  384.0 1.005E-15  708.2
  384.5 9.930E-16  708.2
  385.0 9.812E-16  708.2
  385.5 9.696E-16  708.2
  386.0 9.581E-16  708.2
  386.5 9.467E-16  708.2
  387.0 9.355E-16  708.2
  387.5 9.244E-16  708.2
  388.0 9.134E-16  708.2
  388.5 9.026E-16  708.2
  389.0 8.919E-16  708.2
  389.5 8.813E-16  708.2
  390.0 8.709E-16  708.2
  390.5 8.606E-16  708.2
  391.0 8.505E-16  708.2
  391.5 8.404E-16  708.2
  392.0 8.305E-16  708.2
  392.5 8.207E-16  708.2
  393.0 8.110E-16  708.2
  393.5 8.015E-16  708.2
  394.0 7.920E-16  708.2
  394.5 7.827E-16  708.2
  395.0 7.735E-16  708.2
  395.5 7.644E-16  708.2
  396.0 7.554E-16  708.2
  396.5 7.466E-16  708.2
  397.0 7.378E-16  708.2
  397.5 7.292E-16  708.2
  398.0 7.206E-16  708.2
  398.5 7.122E-16  708.2
  399.0 7.038E-16  708.2
  399.5 6.956E-16  708.2
  400.0 6.874E-16  708.2
  400.5 6.794E-16  708.2
  401.0 6.715E-16  708.2
  401.5 6.636E-16  708.2
  402.0 6.559E-16  708.2
  402.5 6.482E-16  708.2
  403.0 6.407E-16  708.2
  403.5 6.332E-16  708.2
  404.0 6.258E-16  708.2
  404.5 6.185E-16  708.2
  405.0 6.113E-16  708.2
  405.5 6.042E-16  708.2
  406.0 5.972E-16  708.2
  406.5 5.903E-16  708.2
  407.0 5.834E-16  708.2
  407.5 5.767E-16  708.2
  408.0 5.700E-16  708.2
  408.5 5.634E-16  708.2
  409.0 5.568E-16  708.2
  409.5 5.504E-16  708.2
  410.0 5.440E-16  708.2
  410.5 5.377E-16  708.2
  411.0 5.315E-16  708.2
  411.5 5.254E-16  708.2
  412.0 5.193E-16  708.2
  412.5 5.133E-16  708.2
  413.0 5.074E-16  708.2
  413.5 5.016E-16  708.2
  414.0 4.958E-16  708.2
  414.5 4.901E-16  708.2
  415.0 4.844E-16  708.2
  415.5 4.789E-16  708.2
  416.0 4.734E-16  708.2
  416.5 4.679E-16  708.2
  417.0 4.625E-16  708.2
  417.5 4.572E-16  708.3
  418.0 4.520E-16  708.3
  418.5 4.468E-16  708.3
  419.0 4.417E-16  708.3
  419.5 4.366E-16  708.3
  420.0 4.316E-16  708.3
  420.5 4.267E-16  708.3
  421.0 4.218E-16  708.3
  421.5 4.170E-16  708.3
  422.0 4.123E-16  708.3
  422.5 4.075E-16  708.3
  423.0 4.029E-16  708.3
  423.5 3.983E-16  708.3
  424.0 3.938E-16  708.3
  424.5 3.893E-16  708.3
  425.0 3.849E-16  708.3
  425.5 3.805E-16  708.3
  426.0 3.762E-16  708.3
  426.5 3.719E-16  708.3
  427.0 3.677E-16  708.3
  427.5 3.635E-16  708.3
  428.0 3.594E-16  708.3
  428.5 3.553E-16  708.3
  429.0 3.513E-16  708.3
  429.5 3.473E-16  708.3
  430.0 3.434E-16  708.3
  430.5 3.395E-16  708.3
  431.0 3.357E-16  708.3
  431.5 3.319E-16  708.3
  432.0 3.281E-16  708.3
  432.5 3.244E-16  708.3
  433.0 3.208E-16  708.3
  433.5 3.172E-16  708.3
  434.0 3.136E-16  708.3
  434.5 3.101E-16  708.3
  435.0 3.066E-16  708.3
  435.5 3.031E-16  708.3
  436.0 2.997E-16  708.3
  436.5 2.964E-16  708.3
  437.0 2.930E-16  708.3
  437.5 2.898E-16  708.3
  438.0 2.865E-16  708.3
  438.5 2.833E-16  708.3
  439.0 2.801E-16  708.3
  439.5 2.770E-16  708.3
  440.0 2.739E-16  708.3
  440.5 2.709E-16  708.3
  441.0 2.678E-16  708.3
  441.5 2.648E-16  708.3
  442.0 2.619E-16  708.3
  442.5 2.590E-16  708.3
  443.0 2.561E-16  708.3
  443.5 2.532E-16  708.3
  444.0 2.504E-16  708.3
  444.5 2.477E-16  708.3
  445.0 2.449E-16  708.3
  445.5 2.422E-16  708.3
  446.0 2.395E-16  708.3
  446.5 2.368E-16  708.3
  447.0 2.342E-16  708.3
  447.5 2.316E-16  708.3
  448.0 2.291E-16  708.3
  448.5 2.265E-16  708.3
  449.0 2.240E-16  708.3
  449.5 2.216E-16  708.3
  450.0 2.191E-16  708.3
  450.5 2.167E-16  708.3
  451.0 2.143E-16  708.3
  451.5 2.120E-16  708.3
  452.0 2.096E-16  708.3
  452.5 2.073E-16  708.3
  453.0 2.051E-16  708.3
  453.5 2.028E-16  708.3
  454.0 2.006E-16  708.3
  454.5 1.984E-16  708.3
  455.0 1.962E-16  708.3
  455.5 1.941E-16  708.3
  456.0 1.919E-16  708.3
  456.5 1.898E-16  708.3
  457.0 1.878E-16  708.3
  457.5 1.857E-16  708.3
  458.0 1.837E-16  708.3
  458.5 1.817E-16  708.3
  459.0 1.797E-16  708.3
  459.5 1.778E-16  708.3
  460.0 1.758E-16  708.3
  460.5 1.739E-16  708.3
  461.0 1.720E-16  708.3
  461.5 1.702E-16  708.3
  462.0 1.683E-16  708.3
  462.5 1.665E-16  708.3
  463.0 1.647E-16  708.3
  463.5 1.629E-16  708.3
  464.0 1.612E-16  708.3
  464.5 1.594E-16  708.3
  465.0 1.577E-16  708.3
  465.5 1.560E-16  708.3
  466.0 1.543E-16  708.3
  466.5 1.527E-16  708.3
  467.0 1.510E-16  708.3
  467.5 1.494E-16  708.3
  468.0 1.478E-16  708.3
  468.5 1.462E-16  708.3
  469.0 1.447E-16  708.3
  469.5 1.431E-16  708.3
  470.0 1.416E-16  708.3
  470.5 1.401E-16  708.3
  471.0 1.386E-16  708.3
  471.5 1.371E-16  708.3
  472.0 1.356E-16  708.3
  472.5 1.342E-16  708.3
  473.0 1.328E-16  708.3
  473.5 1.313E-16  708.3
  474.0 1.299E-16  708.3
  474.5 1.286E-16  708.3
  475.0 1.272E-16  708.3
  475.5 1.259E-16  708.3
  476.0 1.245E-16  708.3
  476.5 1.232E-16  708.3
  477.0 1.219E-16  708.3
  477.5 1.206E-16  708.3
  478.0 1.193E-16  708.3
  478.5 1.181E-16  708.3
  479.0 1.168E-16  708.3
  479.5 1.156E-16  708.3
  480.0 1.144E-16  708.3
  480.5 1.132E-16  708.3
  481.0 1.120E-16  708.3
  481.5 1.108E-16  708.3
  482.0 1.097E-16  708.3
  482.5 1.085E-16  708.3
  483.0 1.074E-16  708.3
  483.5 1.063E-16  708.3
  484.0 1.052E-16  708.3
  484.5 1.041E-16  708.3
  485.0 1.030E-16  708.3
  485.5 1.019E-16  708.3
  486.0 1.008E-16  708.3
  486.5 9.980E-17  708.3
  487.0 9.876E-17  708.3
  487.5 9.774E-17  708.3
  488.0 9.673E-17  708.3
  488.5 9.573E-17  708.3
  489.0 9.474E-17  708.3
  489.5 9.376E-17  708.3
  490.0 9.280E-17  708.3
  490.5 9.184E-17  708.3
  491.0 9.089E-17  708.3
  491.5 8.996E-17  708.3
  492.0 8.904E-17  708.3
  492.5 8.812E-17  708.3
  493.0 8.722E-17  708.3
  493.5 8.633E-17  708.3
  494.0 8.545E-17  708.3
  494.5 8.457E-17  708.3
  495.0 8.371E-17  708.3
  495.5 8.286E-17  708.3
  496.0 8.201E-17  708.3
  496.5 8.118E-17  708.3
  497.0 8.035E-17  708.3
  497.5 7.954E-17  708.3
  498.0 7.873E-17  708.3
  498.5 7.794E-17  708.3
  499.0 7.715E-17  708.3
  499.5 7.637E-17  708.3
